[  0.  13.  10.  14.  23.  18.  29.  39.  57.  48.  51.  54.  57.  51.  56.
  53.  55.  60.  70.  61.  61.  65.  61.  48.  58.  70.  68.  58.  63.  70.
  62.  49.  60.  56.  55.  51.  58.  57.  56.  54.  46.  54.  56.  66.  57.
  51.  48.  56.  40.  44.  40.  50.  48.  51.  53.  45.  53.  53.  51.  51.
  62.  45.  47.  50.  62.  53.  54.  59.  56.  58.  45.  50.  61.  54.  52.
  55.  62.  47.  49.  52.  59.  54.  52.  46.  37.  46.  38.  46.  49.  38.
  57.  59.  56.  49.  43.  48.  50.  52.  60.  67.  56.  48.  58.  50.  46.
  57.  52.  54.  54.  56.  57.  58.  51.  55.  53.  57.  63.  44.  48.  48.
  42.  49.  59.  55.  51.  51.  46.  50.  40.  37.  41.  48.  35.  50.  43.
  38.  51.  43.  49.  46.  47.  45.  55.  42.  35.  50.  43.  42.  46.  35.
  51.  57.  53.  48.  57.  58.  55.  56.  52.  50.  57.  45.  31.  56.  61.
  56.  65.  62.]