[  0.  13.  10.  14.  23.  18.  29.  39.  57.  48.  51.  54.  57.  51.  56.
  55.  47.  45.  69.  67.  56.  66.  65.  55.  59.  62.  67.  63.  62.  69.
  53.  55.  58.  55.  54.  57.  65.  53.  71.  66.  64.  64.  65.  77.  64.
  60.  57.  54.  61.  58.  58.  51.  53.  57.  56.  61.  54.  70.  56.  57.
  57.  59.  72.  71.  71.  59.  69.  64.  64.  58.  61.  55.  58.  56.  63.
  63.  60.  40.  49.  55.  57.  52.  56.  55.  55.  49.  50.  54.  49.  54.
  55.  61.  67.  67.  46.  65.  60.  62.  55.  58.  59.  59.  60.  63.  53.
  57.  69.  69.  69.  53.  56.  66.  61.  68.  56.  65.  61.  54.  52.  56.
  58.  58.  70.  60.  60.  48.  63.  51.  54.  66.  50.  55.  51.  72.  57.
  50.  54.  54.  67.  51.  51.  48.  44.  46.  49.  53.  56.  35.  61.  49.
  55.  55.  61.  62.  62.  59.  56.  59.  50.  55.  60.  50.  48.  60.  66.
  60.  58.  67.  61.  55.  47.  60.  47.  63.  50.  68.  63.  71.  48.  61.
  53.  62.  65.  66.  64.  70.  69.  57.  62.  54.  71.  55.  74.  61.  61.
  57.  66.  64.  73.  69.  63.  60.  46.  54.  60.  52.  56.  63.  53.  57.
  62.  69.  64.  75.  47.  50.  61.  58.  69.  60.  65.  62.  68.  49.  57.
  56.  40.  42.  51.  63.  67.  55.  54.  69.  63.  66.  58.  53.  63.  51.
  59.  48.  59.  65.  65.  52.  65.  51.  62.  48.  49.  57.  52.  63.  59.
  57.  61.  66.  69.  57.  63.  58.  70.  55.  69.  58.  65.  55.  66.  51.
  66.  45.  59.  60.  56.  57.  59.  56.  56.  72.  59.  71.  68.  60.  56.
  48.  73.  55.  56.  56.  56.  64.  56.  61.  57.  62.  60.  55.  56.  58.
  44.  58.  53.  40.  55.  55.  46.  45.  55.  55.  58.  60.  59.  66.  47.
  55.  55.  58.  49.  56.  64.  56.  65.  60.  44.  58.  45.  57.  45.  53.
  54.  45.  57.  51.  53.  55.  48.  57.  56.  65.  62.  56.  57.  61.  53.
  66.  60.  48.  54.  52.  65.  52.  64.  65.  66.  60.  57.  59.  52.  66.
  60.  66.  62.  59.  61.  52.  68.  58.  67.  54.  59.  62.  63.  51.  50.
  55.  51.  57.  45.  57.  60.  65.  61.  57.  53.  53.  54.  55.  59.  65.
  65.  73.  72.  72.  61.  60.  59.  66.  67.  64.  58.  72.  61.  54.  66.
  62.  52.  59.  62.  64.  50.  50.  50.  67.  54.  64.  64.  65.  60.  63.
  67.  64.  58.  53.  58.  57.  50.  65.  64.  55.  56.  52.  57.  60.  56.
  62.  65.  54.  50.  59.  62.  54.  53.  64.  62.  62.  58.  60.  56.  61.
  56.  53.  52.  58.  62.  49.  63.  66.  49.  59.  67.  56.  53.  56.  61.
  54.  70.  68.  56.  55.  52.  53.  53.  60.  42.  43.  64.  41.  55.  36.
  62.  67.  51.  61.  61.  56.  61.  63.  60.  67.  55.  53.  61.  65.  68.
  60.  51.  57.  64.  50.  55.  52.  49.  63.  55.  62.  43.  67.  48.  67.
  56.  62.  61.  64.  51.  54.  55.  43.  63.  51.  58.  70.  45.  51.  64.
  70.  73.  64.  65.  62.  61.  58.  61.  55.  56.  58.  58.  63.  72.  66.
  48.  43.  40.  68.  53.  72.  65.  63.  72.  71.  54.  57.  62.  66.  67.
  70.  62.  67.  57.  60.  72.  60.  64.  55.  62.  62.  69.  69.  60.  62.
  66.  74.  60.  64.  63.  58.  59.  61.  59.  59.  56.  47.  56.  71.  63.
  56.  62.  63.  61.  66.  68.  68.  68.  69.  61.  60.  75.  65.  66.  63.]