[  0.  13.   9.  16.  10.  15.  10.   7.  15.  12.  11.  22.  18.  17.  23.
  15.  30.  20.  22.  24.  16.  22.  32.  26.  27.  32.  25.  38.  35.  27.
  23.  26.  40.  24.  27.  41.  34.  27.  24.  36.  44.  29.  26.  31.  27.
  40.  38.  40.  48.  35.  37.  43.  30.  35.  35.  28.  31.  43.  37.  50.
  41.  37.  30.  27.  50.  40.  40.  38.  36.  30.  27.  28.  30.  39.  39.
  34.  35.  30.  43.  21.  43.  47.  36.  24.  31.  31.  33.  30.  23.  38.
  45.  46.  43.  54.  31.  39.  41.  43.  53.  55.  48.  29.  44.  36.  24.
  31.  38.  34.  38.  44.  45.  34.  36.  43.  34.  39.  37.  40.  39.  45.
  48.  30.  47.  31.  42.  32.  38.  41.  39.  39.  15.  41.  26.  44.  34.
  38.  42.  38.  42.  31.  38.  28.  44.  36.  41.  28.  46.  39.  50.  51.
  43.  32.  44.  47.  35.  45.  46.  40.  34.  34.  44.  51.  34.  49.  47.
  57.  52.  47.  27.  35.  32.  31.  33.  28.  32.  36.  40.  55.  38.  43.
  31.  52.  42.  46.  49.  36.  30.  38.  26.  42.  36.  28.  44.  27.  30.
  44.  45.  45.  38.  39.  37.  45.  40.  41.  37.  38.  49.  37.  42.  51.
  46.  49.  48.  46.  36.  46.  42.  44.  37.  34.  55.  33.  47.  38.  33.
  27.  31.  45.  37.  39.  35.  44.  32.  35.  49.  50.  36.  50.  46.  38.
  36.  42.  50.  24.  42.  31.  43.  39.  33.  34.  42.  29.  34.  44.  36.
  36.  37.  58.  51.  41.]