[  0.  13.  10.  32.  57.  48.  44.  46.  42.  54.  52.  50.  52.  33.  27.
  16.  20.  29.  39.  28.  35.  30.  31.  32.  27.  28.  30.  21.  33.  20.
  22.  35.  39.  23.  37.  26.  35.  36.  31.  20.  31.  41.  33.  35.  36.
  32.  38.  37.  17.  21.  22.  29.  27.  33.  31.  28.  27.  27.  26.  29.
  25.  24.  30.  26.  29.  13.  18.  26.  23.  25.  32.  27.  32.  27.  21.
  38.  40.  25.  40.  32.  32.  34.  20.  33.  33.  24.  22.  22.  11.  20.
  27.  29.  30.  25.  28.  23.  22.  32.  25.  29.  28.  31.  26.  22.  16.
  26.  15.  21.  39.  33.  26.  29.  33.  33.  25.  30.  36.  25.  35.  33.
  33.  33.  30.  33.  25.  23.  23.  27.  19.  24.  30.  31.  14.  24.  20.
  33.  30.  22.  23.  35.  30.  30.  30.  31.  23.  28.  18.  21.  30.  26.
  28.  24.  33.  27.  42.  30.  33.  26.  19.  30.  31.  31.  25.  22.  29.
  39.  33.  29.  41.  30.  25.  37.  37.  29.  33.  26.  28.  25.  25.  27.
  21.  24.  30.  41.  24.  25.  26.  28.  36.  35.  27.  23.  29.  24.  31.
  31.  36.  33.  40.  24.  35.  28.  24.  24.  29.  30.  30.  36.  27.  33.
  24.  26.  35.  34.  29.  28.  31.  23.  31.  26.  29.  26.  27.  32.  35.
  21.  20.  26.  29.  30.  36.  25.  19.  31.  29.  23.  30.  34.  40.  38.
  36.  36.  32.  26.  27.  33.  28.  29.  26.  22.  33.  26.  37.  31.  27.
  28.  19.  18.  23.  23.  33.  32.  31.  33.  31.  21.  24.  30.  32.  34.
  15.  22.  27.  26.  22.  32.  14.  31.  31.  31.  38.  29.  31.  32.  23.
  27.  29.  20.  35.  26.  25.  24.  21.  22.  31.  32.  21.  17.  24.  24.
  22.  25.  20.  28.  33.  28.  21.  22.  19.  32.  32.  32.  33.  29.  23.
  15.  17.  22.  20.  25.  24.  29.  27.  24.  30.  21.  16.  22.  38.  36.
  36.  20.  32.  33.  28.  23.  21.  32.  30.  32.  28.  37.  29.  34.  33.
  36.  30.  20.  21.  27.  29.  43.  24.  18.  32.  39.  28.  35.  26.  20.
  20.  29.  35.  22.  27.  29.  34.  36.  30.  18.  31.  30.  23.  19.  23.
  26.  25.  33.  31.  26.  27.  31.  37.  33.  23.  30.  22.  41.  24.  30.
  35.  39.  36.  30.  21.  28.  38.  34.  19.  30.  30.  34.  31.  19.  28.
  30.  28.  23.  30.  33.  34.  36.  31.  34.  33.  22.  29.  21.  16.  25.
  26.  33.  24.  31.]