[  0.  13.   5.  14.  18.  20.  12.  12.  14.  11.  20.  27.  27.  21.  19.
  25.  37.  33.  51.  30.  41.  40.  47.  44.  38.  39.  48.  43.  46.  44.
  39.  48.  55.  38.  44.  31.  51.  43.  47.  50.  46.  55.  49.  46.  51.
  47.  43.  46.  44.  39.  44.  57.  47.  39.  61.  38.  47.  58.  41.  59.
  45.  61.  59.  55.  56.  42.  62.  54.  57.  41.  46.  46.  43.  48.  41.
  33.  57.  40.  51.  37.  48.  58.  42.  49.  43.  45.  43.  44.  42.  35.
  26.  40.  51.  69.  36.  42.  41.  59.  46.  58.  46.  47.  51.  34.  40.
  50.  45.  55.  53.  53.  54.  55.  40.  60.  39.  45.  53.  34.  35.  40.
  37.  47.  53.  32.  41.  38.  50.  46.  39.  54.  27.  43.  36.  55.  46.
  39.  48.  38.  51.  31.  46.  39.  50.  49.  26.  34.  44.  26.  55.  41.
  46.  58.  44.  44.  59.  36.  45.  49.  36.  39.  46.  46.  45.  56.  53.
  50.  42.  56.  52.  43.  42.  35.  42.  50.  42.  47.  37.  52.  42.  41.
  50.  46.  52.  58.  55.  53.  36.  37.  46.  45.]