[  0.  13.  12.  13.  10.  13.  11.  15.  13.   7.  13.  19.  28.  20.  20.
  26.  46.  41.  52.  49.  39.  37.  45.  44.  51.  41.  48.  46.  56.  58.
  48.  52.  48.  53.  36.  52.  50.  54.  54.  46.  60.  56.  48.  58.  47.
  44.  52.  50.  48.  47.  44.  46.  37.  39.  47.  40.  41.  62.  30.  65.
  51.  57.  54.  41.  53.  54.  54.  54.  42.  49.  50.  49.  54.  54.  49.
  48.  60.  27.  39.  43.  58.  51.  42.  42.  45.  50.  52.  43.  48.  41.
  41.  54.  54.  50.  47.  43.  43.  69.  37.  59.  46.  39.  59.  38.  53.
  50.  53.  49.  53.  47.  53.  57.  51.  49.  43.  59.  56.  53.  47.  48.
  38.  38.  51.  38.  40.  42.  41.  44.  50.  59.  43.  49.  53.  64.  46.
  32.  53.  53.  46.  37.  45.  34.  48.  45.  41.  39.  43.  33.  57.  37.
  46.  44.  52.  50.  53.  55.  61.  62.  46.  46.  43.  50.  46.  61.  52.
  44.  58.  53.  48.  47.  35.  55.  46.  50.  51.  52.  35.  49.  47.  51.
  47.  39.  61.  63.  51.  52.  44.  58.  56.  55.  51.  47.  57.  43.  60.
  37.  64.  50.  52.  59.  31.  54.  37.  33.  59.  53.  50.  44.  51.  42.
  47.  48.  64.  46.  51.  56.  51.  66.  49.  54.  51.  38.  48.  29.  54.
  46.  33.  47.  41.  41.  46.  52.  51.  60.  59.  61.  41.  47.  49.  50.
  56.  39.  53.  44.  57.  39.  52.  42.  42.  51.  46.  54.  52.  49.  49.
  43.  55.  50.  51.  42.  49.  53.  46.  44.  52.  42.  45.  45.  47.  44.
  45.  55.  49.  48.  48.]