[  0.  13.   6.  11.  10.   9.  14.  14.  12.  11.  13.  20.  27.   8.  15.
  14.  32.  33.  30.  31.  23.  24.  30.  45.  36.  50.  46.  33.  36.  49.
  42.  28.  37.  39.  31.  42.  33.  35.  56.  37.  50.  43.  51.  49.  43.
  40.  38.  36.  42.  43.  48.  49.  36.  45.  42.  48.  47.  59.  52.  49.
  45.  50.  46.  45.  51.  44.  46.  55.  54.  50.  33.  40.  48.  39.  47.
  42.  57.  33.  45.  43.  38.  44.  43.  44.  36.  46.  36.  44.  32.  44.
  44.  54.  42.  51.  48.  51.  42.  55.  38.  58.  39.  37.  51.  33.  36.
  50.  45.  42.  31.  34.  38.  38.  39.  47.  39.  35.  58.  51.  45.  38.
  38.  41.  54.  40.  44.  48.  50.  45.  32.  60.  30.  51.  49.  57.  45.
  33.  43.  36.  36.  39.  44.  38.  56.  41.  38.  40.  41.  31.  46.  34.
  45.  45.  39.  50.  40.  42.  44.  41.  38.  45.  36.  36.  50.  40.  42.
  45.  56.  52.  43.  37.  33.  44.  39.  52.  42.  37.  34.  48.  37.  45.
  33.  50.  51.  50.  41.  50.  41.  58.  42.  48.  54.  58.  34.  31.  48.
  47.  57.  54.  46.  44.  26.  44.  33.  47.  39.  45.  39.  42.  48.  43.
  43.  47.  34.  49.  43.  34.  36.  54.  50.  24.  43.  29.  53.  30.  50.
  40.  34.  45.  38.  50.  47.  44.  51.  49.  54.  51.  43.  46.  34.  51.
  54.  35.  57.  38.  48.  41.  32.  47.  42.  46.  43.  46.  45.  47.  39.
  55.  56.  48.  52.  50.  54.  45.  56.  47.  46.  28.  41.  48.  48.  35.
  43.  44.  37.  56.  47.  53.  32.  55.  44.  41.  32.  53.  36.  42.  36.
  49.  58.  36.  58.  41.  54.  42.  42.  40.  33.  51.  43.  41.  41.  37.
  35.  45.  34.  43.  53.  49.  35.  39.  48.  34.  49.  48.  39.  35.  42.
  44.  35.  34.  36.  45.  53.  46.  41.  44.  30.  29.  45.  48.  46.  51.
  45.  36.  44.  37.  52.  51.  49.  52.  46.  46.  43.  45.  41.  50.  59.
  48.  54.  38.  48.  45.  44.  42.  44.  54.  37.  43.  43.  48.  39.  51.
  47.  54.  42.  49.  44.  40.  47.  49.  54.  40.  50.  51.  41.  54.  37.
  53.  43.  64.  43.  50.  60.  46.  51.  54.  34.  51.  48.  49.  39.  48.
  54.  41.  47.  44.  42.  43.  38.  54.  44.  42.  45.  41.  50.  50.  58.
  46.  41.  32.  48.  40.  52.  45.  32.  39.  39.  41.  46.  54.  55.  46.
  52.  40.  34.  46.  34.  37.  43.  46.  54.  45.  45.  43.  39.  48.  45.
  48.  35.  49.  52.  52.  59.  35.  42.  39.  41.  42.  57.  53.  36.  54.
  44.  36.  38.  58.  43.  30.  35.  50.  41.  50.  43.  35.  44.  48.  41.
  31.  52.  54.  47.  42.  41.  45.  48.  45.  43.  40.  32.  50.  58.  30.
  62.  52.  42.  45.  48.  50.  48.  62.  54.  51.  44.  39.  37.  38.  56.
  37.  36.  38.  54.  42.  45.  44.  47.  59.  33.  39.  37.  57.  35.  47.
  30.  46.  44.  45.  54.  49.  54.  46.  50.  42.  41.  43.  26.  32.  50.
  50.  51.  49.  41.  34.  35.  41.  47.  40.  36.  50.  48.  42.  44.  47.
  31.  33.  38.  51.  43.  53.  42.  43.  42.  49.  34.  43.  52.  44.  46.
  41.  45.  51.  48.  56.  60.  56.  42.  44.  46.  46.  54.  55.  46.  37.
  58.  46.  30.  39.  45.  43.  49.  41.  56.  52.  48.  54.  49.  51.  51.
  53.  47.  33.  49.  33.  53.  45.  70.  59.  22.  32.  40.  50.  43.  59.]