[  0.  13.   2.  16.  23.  25.  24.  22.  15.  27.  26.  25.  27.  14.  20.
  14.  29.  28.  47.  47.  61.  65.  62.  54.  58.  60.  56.  63.  60.  69.
  59.  62.  65.  60.  51.  56.  54.  58.  68.  63.  68.  66.  68.  65.  64.
  66.  57.  63.  59.  61.  58.  60.  52.  60.  61.  58.  66.  70.  61.  68.
  64.  75.  74.  64.  62.  56.  71.  64.  71.  60.  53.  55.  65.  51.  55.
  67.  67.  48.  70.  67.  66.  65.  66.  56.  62.  59.  69.  68.  61.  68.
  56.  66.  71.  70.  48.  61.  49.  63.  57.  68.  70.  58.  65.  51.  66.
  69.  71.  67.  64.  64.  62.  80.  61.  65.  57.  61.  54.  53.  64.  57.
  58.  59.  78.  62.  60.  56.  62.  59.  57.  69.  42.  47.  49.  72.  45.
  56.  73.  58.  56.  56.  59.  45.  64.  60.  44.  56.  61.  48.  61.  51.
  62.  48.  74.  64.  58.  52.  69.  64.  52.  47.  63.  51.  62.  72.  71.
  66.  65.  73.  58.  57.  60.  62.  63.  66.  61.  61.  63.  59.  50.  68.
  39.  67.  74.  75.  65.  72.  61.  65.  65.  55.  69.  76.  58.  59.  65.
  69.  65.  71.  74.  67.  56.  60.  40.  53.  64.  71.  66.  67.  64.  58.
  56.  63.  68.  71.  61.  63.  49.  55.  67.  63.  63.  54.  67.  41.  56.
  52.  50.  63.  67.  66.  65.  62.  63.  63.  71.  67.  56.  57.  51.  58.
  57.  61.  71.  52.  71.  59.  63.  47.  69.  72.  56.  58.  70.  68.  62.
  66.  64.  60.  75.  53.  60.  62.  64.  66.  68.  55.  60.  56.  59.  42.
  58.  66.  54.  48.  56.  68.  52.  55.  52.  71.  58.  71.  57.  64.  61.
  69.  62.  57.  66.  59.  61.  60.  52.  54.  61.  60.  61.  51.  60.  53.
  58.  49.  47.  58.  71.  63.  58.  58.  65.  57.  67.  60.  63.  49.  53.
  61.  63.  56.  62.  65.  67.  66.  54.  54.  47.  48.  71.  56.  56.  70.
  69.  54.  64.  56.  61.  60.  60.  67.  63.  55.  64.  64.  55.  74.  61.
  65.  64.  48.  66.  55.  64.  60.  61.  67.  64.  67.  61.  66.  45.  66.
  67.  65.  52.  70.  56.  60.  65.  70.  70.  56.  72.  67.  63.  56.  54.
  64.  61.  65.  52.  57.  66.  61.  60.  58.  51.  69.  55.  61.  69.  75.
  67.  70.  52.  62.  62.  54.  60.  73.  62.  68.  50.  70.  69.  67.  59.
  61.  62.  56.  68.  68.  63.  53.  47.  68.  46.  65.  63.  63.  73.  69.
  67.  64.  58.  63.  55.  58.  57.  67.  62.  69.  56.  63.  60.  70.  69.
  68.  65.  64.  73.  59.  64.  62.  66.  56.  64.  59.  80.  66.  60.  64.
  57.  57.  65.  62.  56.  57.  59.  59.  48.  59.  67.  68.  60.  62.  52.
  57.  75.  68.  64.  48.  53.  63.  64.  61.  57.  62.  64.  54.  72.  47.
  63.  61.  69.  70.  62.  53.  56.  60.  66.  66.  54.  58.  63.  58.  62.
  65.  58.  46.  61.  56.  70.  55.  59.  66.  54.  56.  50.  65.]