[  0.  13.  13.  13.  10.   9.  10.   9.  13.   7.  14.  15.  19.  10.   9.
   9.  12.  23.  35.  28.  24.  21.  33.  35.  28.  30.  26.  32.  26.  32.
  38.  35.  34.  29.  39.  45.  48.  29.  36.  32.  41.  47.  53.  29.  32.
  37.  23.  43.  36.  35.  37.  38.  36.  39.  44.  45.  46.  47.  36.  54.
  42.  31.  43.  39.  44.  29.  66.  56.  52.  44.  34.  33.  55.  41.  32.
  42.  56.  38.  37.  33.  46.  45.  34.  44.  35.  28.  28.  38.  33.  33.
  40.  50.  55.  66.  44.  37.  42.  66.  44.  53.  51.  43.  40.  26.  35.
  50.  40.  55.  61.  48.  37.  50.  53.  44.  37.  45.  46.  45.  36.  44.
  42.  47.  52.  52.  45.  39.  38.  32.  27.  50.  24.  31.  39.  43.  39.
  40.  43.  39.  38.  34.  40.  31.  45.  39.  43.  35.  49.  28.  50.  36.
  46.  47.  41.  42.  56.  46.  56.  31.  38.  29.  40.  36.  39.  45.  59.
  39.  41.  51.  30.  32.]