[  0.  13.   7.  12.   9.  15.  13.  19.  16.  17.  25.  25.  27.  25.  34.
  48.  53.  46.  66.  54.  47.  57.  50.  54.  53.  50.  59.  51.  53.  48.
  57.  55.  51.  59.  49.  54.  52.  55.  52.  59.  58.  52.  53.  63.  63.
  56.  55.  57.  58.  56.  39.  51.  48.  51.  62.  51.  62.  69.  57.  62.
  56.  46.  67.  52.  63.  55.  62.  58.  48.  54.  53.  53.  61.  52.  42.
  47.  68.  54.  65.  48.  51.  51.  43.  51.  52.  45.  59.  51.  50.  56.
  47.  57.  63.  64.  48.  52.  49.  61.  49.  60.  47.  47.  49.  48.  53.
  51.  49.  63.  58.  60.  59.  52.  62.  53.  55.  64.  54.  64.  44.  60.
  47.  49.  65.  46.  43.  59.  49.  64.  48.  70.  38.  41.  46.  68.  56.
  55.  66.  48.  56.  56.  55.  46.  47.  45.  35.  54.  57.  49.  57.  53.
  51.  50.  50.  59.  56.  48.  49.  54.  37.  47.  51.  51.  46.  58.  63.
  68.  64.  52.  51.  38.  37.  59.  52.  59.  45.  53.  52.  63.  46.  51.
  44.  62.  68.  71.  62.  50.  38.  47.  48.  54.  57.  57.  55.  41.  52.
  57.  61.  58.  59.  62.  44.  47.  36.  52.  56.  60.  53.  53.  53.  34.
  40.  54.  62.  65.  48.  61.  55.  56.  52.  49.  62.  57.  63.  51.  72.
  52.  40.  48.  63.  56.  57.  48.  55.  52.  65.  55.  51.  56.  55.  58.
  51.  52.  58.  42.  58.  49.  49.  40.  55.  45.  56.  64.  58.  57.  56.
  59.  56.  47.  67.  47.  50.  62.  62.  56.  61.  55.  62.  57.  42.  45.
  57.  55.  56.  63.]