[  0.  13.  13.  13.  10.   9.  10.   9.  13.   7.  14.  15.  19.  10.   9.
   9.  12.  23.  35.  28.  24.  21.  33.  35.  28.  30.  26.  32.  26.  32.
  38.  35.  34.  29.  39.  45.  48.  29.  36.  32.  41.  47.  53.  29.  32.
  37.  23.  43.  36.  35.  37.  38.  36.  39.  44.  45.  46.  47.  36.  54.
  42.  31.  43.  39.  44.  29.  66.  56.  52.  44.  34.  33.  55.  41.  32.
  42.  56.  38.  37.  33.  46.  45.  34.  44.  35.  28.  28.  38.  33.  33.
  40.  50.  55.  66.  44.  37.  42.  66.  44.  53.  51.  43.  40.  26.  35.
  50.  40.  55.  61.  48.  37.  50.  53.  44.  37.  45.  46.  45.  36.  44.
  42.  47.  52.  52.  45.  39.  38.  32.  27.  50.  24.  31.  39.  43.  39.
  40.  43.  39.  38.  34.  40.  31.  45.  39.  43.  35.  49.  28.  50.  36.
  46.  47.  41.  42.  56.  46.  56.  31.  38.  29.  40.  36.  39.  45.  59.
  39.  41.  51.  30.  32.  20.  41.  36.  49.  46.  39.  41.  36.  33.  45.
  39.  50.  50.  57.  42.  53.  43.  47.  42.  48.  42.  35.  51.  36.  45.
  38.  47.  36.  51.  54.  53.  51.  41.  33.  48.  44.  50.  31.  44.  38.
  39.  40.  55.  55.  56.  52.  43.  47.  38.  23.  47.  34.  48.  34.  34.
  28.  32.  35.  39.  39.  44.  40.  36.  54.  53.  49.  39.  48.  34.  37.
  45.  41.  49.  39.  56.  35.  45.  41.  39.  42.  39.  47.  43.  35.  36.
  34.  55.  58.  45.  40.  32.  43.  44.  52.  43.  47.  37.  36.  39.  37.
  51.  41.  44.  38.  32.  53.  47.  56.  27.  44.  31.  39.  46.  41.  41.
  39.  41.  35.  46.  45.  37.  34.  44.  37.  37.  44.  32.  31.  28.  29.
  25.  37.  33.  37.  48.  40.  31.  27.  45.  39.  53.  42.  41.  42.  33.
  40.  49.  42.  44.  45.  39.  40.  50.  43.  32.  36.  40.  42.  49.  46.
  43.  31.  46.  39.  45.  44.  46.  58.  36.  49.  29.  39.  35.  43.  47.
  34.  39.  34.  50.  38.  43.  53.  49.  40.  37.  49.  34.  35.  31.  33.
  47.  36.  48.  37.  37.  53.  39.  37.  55.  34.  48.  44.  47.  38.  37.]