[  0.  13.   8.  12.  21.  23.  11.  24.  17.   9.  27.  31.  26.  28.  43.
  48.  50.  56.  63.  70.  54.  65.  60.  56.  58.  70.  59.  63.  61.  66.
  55.  55.  60.  67.  62.  69.  57.  59.  70.  56.  72.  57.  67.  70.  65.
  57.  66.  61.  55.  69.  55.  68.  74.  64.  63.  56.  56.  73.  51.  73.
  67.  66.  69.  52.  53.  68.  67.  68.  67.  56.  52.  53.  62.  47.  60.
  62.  72.  48.  49.  58.  57.  55.  57.  63.  55.  60.  56.  60.  53.  62.
  55.  65.  64.  69.  56.  62.  64.  59.  61.  76.  65.  66.  61.  62.  58.
  59.  64.  70.  71.  71.  56.  62.  68.  63.  65.  61.  58.  56.  58.  57.
  59.  68.  78.  66.  66.  71.  65.  54.  55.  66.  47.  71.  62.  73.  65.
  63.  67.  67.  71.  68.  61.  36.  50.  55.  54.  57.  66.  53.  65.  68.
  63.  61.  64.  62.  60.  59.  70.  69.  57.  62.  61.  50.  59.  65.  67.
  59.  66.  70.  57.  56.  59.  60.  69.  63.  56.  60.  51.  69.  48.  55.
  44.  64.  70.  70.  56.  66.  59.  74.  71.  58.  63.  61.  63.  66.  69.
  58.  66.  61.  77.  65.  56.  60.  44.  54.  72.  71.  72.  66.  61.  60.
  56.  65.  65.  74.  66.  53.  59.  68.  67.  71.  66.  63.  71.  46.  63.
  52.  42.  51.  61.  66.  71.  64.  65.  65.  67.  60.  58.  64.  70.  70.
  69.  67.  69.  63.  72.  60.  64.  59.  59.  64.  69.  74.  67.  66.  63.
  58.  61.  64.  65.  64.  66.  59.  68.  68.  71.  66.  67.  72.  74.  61.
  66.  66.  67.  61.  59.  66.  53.  50.  59.  63.  55.  76.  68.  70.  64.
  63.  64.  60.  68.  61.  64.  62.  54.  73.  56.  78.  67.  59.  56.  62.
  56.  61.  50.  55.  62.  58.  51.  49.  61.  51.  69.  65.  71.  56.  57.
  53.  67.  48.  50.  69.  62.  76.  51.  50.  62.  55.  64.  70.  65.  69.
  65.  57.  69.  69.  60.]