[  0.  13.   9.  13.   5.  15.   9.  16.  10.   9.   9.  20.  11.  13.  18.
   9.  16.  17.  25.  17.  17.   8.  26.  20.  21.  21.  25.  17.  19.  33.
  17.  19.  21.  30.  24.  27.  24.  23.  33.  26.  29.  26.  33.  29.  23.
  33.  19.  15.  28.  21.  35.  30.  25.  17.  28.  32.  30.  23.  26.  22.
  18.  24.  31.  19.  34.  20.  33.  36.  49.  22.  31.  39.  39.  32.  27.
  25.  26.  24.  26.  26.  28.  24.  32.  22.  17.  14.  20.  23.  21.  29.
  32.  33.  39.  37.  23.  18.  22.  34.  33.  36.  43.  27.  33.  21.  19.
  16.  32.  39.  25.  31.  36.  36.  31.  37.  25.  26.  28.  34.  32.  23.
  30.  22.  38.  23.  28.  32.  33.  33.  34.  43.  21.  25.  25.  40.  30.
  33.  33.  32.  35.  28.  28.  38.  35.  36.  22.  29.  35.  24.  29.  34.
  39.  37.  28.  32.  32.  30.  38.  34.  26.  28.  33.  28.  35.  25.  42.
  28.  32.  43.  28.  29.  22.  28.  32.  36.  23.  33.  34.  35.  20.  37.
  27.  28.  35.  43.  32.  41.  35.  25.  33.  42.  31.  34.  39.  24.  25.
  32.  38.  23.  16.  35.  27.  38.  25.  32.  28.  32.  29.  27.  29.  25.
  18.  36.  42.  32.  34.  48.  30.  29.  34.  16.  29.  29.  31.  24.  23.
  38.  23.  36.  23.  30.  36.  29.  32.  38.  45.  31.  36.  31.  30.  34.
  29.  28.  27.  27.  36.  35.  31.  34.  25.  39.  34.  31.  32.  45.  35.
  43.  20.  47.  53.  46.  46.  33.  34.  35.  29.  47.  43.  43.  39.  31.
  34.  30.  20.  32.  31.  33.  31.  23.  31.  35.  24.  41.  21.  38.  29.
  35.  49.  24.  38.  37.  22.  31.  21.  33.  28.  41.  25.  37.  27.  35.
  38.  24.  31.  25.  36.  38.  30.  36.  43.  22.  34.  30.  36.  37.  34.
  37.  31.  30.  43.  37.  30.  31.  26.  24.  24.  22.  32.  21.  38.  29.
  36.  25.  24.  31.  29.  28.  28.  44.  24.  36.  29.  42.  28.  48.  29.
  38.  29.  30.  27.  29.  32.  31.  19.  40.  30.  30.  26.  33.  31.  36.
  30.  34.  25.  26.  26.  34.  30.  18.  30.  30.  27.  26.  25.  23.  27.
  35.  31.  40.  26.  26.  36.  30.  28.  30.  26.  24.  36.  25.  26.  31.
  35.  34.  31.  18.  25.  29.  31.  40.  31.  36.  23.  32.  42.  36.  43.
  32.]