[  0.  13.   5.  14.  18.  20.  12.  12.  14.  11.  20.  27.  27.  21.  19.
  25.  37.  33.  51.  30.  41.  40.  47.  44.  38.  39.  48.  43.  46.  44.
  39.  48.  55.  38.  44.  31.  51.  43.  47.  50.  46.  55.  49.  46.  51.
  47.  43.  46.  44.  39.  44.  57.  47.  39.  61.  38.  47.  58.  41.  59.
  45.  61.  59.  55.  56.  42.  62.  54.  57.  41.  46.  46.  43.  48.  41.
  33.  57.  40.  51.  37.  48.  58.  42.  49.  43.  45.  43.  44.  42.  35.
  26.  40.  51.  69.  36.  42.  41.  59.  46.  58.  46.  47.  51.  34.  40.
  50.  45.  55.  53.  53.  54.  55.  40.  60.  39.  45.  53.  34.  35.  40.
  37.  47.  53.  32.  41.  38.  50.  46.  39.  54.  27.  43.  36.  55.  46.
  39.  48.  38.  51.  31.  46.  39.  50.  49.  26.  34.  44.  26.  55.  41.
  46.  58.  44.  44.  59.  36.  45.  49.  36.  39.  46.  46.  45.  56.  53.
  50.  42.  56.  52.  43.  42.  35.  42.  50.  42.  47.  37.  52.  42.  41.
  50.  46.  52.  58.  55.  53.  36.  37.  46.  45.  54.  39.  35.  38.  48.
  51.  59.  45.  51.  52.  42.  47.  43.  43.  51.  47.  41.  46.  42.  40.
  45.  40.  52.  48.  52.  54.  49.  55.  51.  47.  52.  40.  35.  30.  48.
  47.  35.  32.  53.  32.  48.  43.  39.  39.  50.  37.  41.  44.  42.  49.
  57.  46.  47.  40.  55.  34.  44.  42.  42.  39.  48.  49.  43.  48.  50.
  54.  53.  52.  50.  43.  40.  40.  53.  45.  51.  37.  52.  55.  56.  52.
  32.  45.  38.  43.  51.  54.  39.  48.  38.  50.  39.  53.  53.  41.  45.
  57.  44.  31.  51.  47.  57.  37.  39.  39.  38.  49.  48.  36.  40.  39.
  30.  39.  17.  31.  49.  46.  35.  39.  42.  40.  42.  46.  50.  44.  31.
  36.  34.  43.  39.  37.  39.  30.  43.  39.  29.  39.  52.  37.  52.  46.
  47.  34.  51.  44.  46.  43.  44.  40.  42.  57.  47.  45.  50.  44.  48.
  47.  55.  39.  49.  44.  47.  52.  48.  51.  45.  48.  46.  48.  44.  39.
  36.  53.  37.  41.  40.  53.  44.  38.  46.  38.  48.  39.  58.  46.  46.
  55.  48.  56.  49.  44.  42.  56.  35.  54.  38.  51.  43.  49.  46.  45.
  57.  49.  49.  50.  40.  30.  40.  51.  46.  52.  40.  58.  47.  54.  47.
  50.  52.  48.  59.  55.  52.  49.  43.  58.  40.  52.  42.  59.  53.  53.
  50.  47.  49.  45.  42.  44.  41.  39.  49.  41.  47.  41.  52.  54.  50.
  51.  51.  32.  43.  39.  37.  33.  49.  41.  39.  35.  49.  64.  40.  46.
  35.  41.  38.  47.  53.  50.  36.  40.  41.  35.  43.  44.  39.  39.  51.
  45.  56.  48.  46.  45.  51.  48.  46.  51.  45.  35.  40.  41.  54.  38.
  61.  48.  56.  46.  60.  46.  45.  48.  50.  48.  40.  41.  39.  38.  50.
  35.  37.  36.  39.  40.  59.  50.  57.  48.  33.  39.  35.  50.  34.  59.
  41.  57.  39.  44.  38.  44.  60.  45.  52.  39.  53.  49.  25.  35.  45.
  45.  60.  42.  51.  51.  37.  56.  51.  49.  49.  57.  55.  45.  54.  44.
  34.  36.  31.  48.  49.  42.  41.  33.  45.  35.  42.  40.  46.  37.  36.
  43.  38.  50.  40.  43.  46.  48.  52.  38.  50.  51.  47.  53.  45.  50.
  46.  45.  43.  48.  48.  44.  47.  48.  41.  42.  57.  38.  42.  52.  60.
  52.  48.  43.]