[  0.  13.   5.  12.  21.  14.   9.  13.  11.  11.  20.  16.  20.  25.  28.
  39.  46.  57.  62.  58.  61.  44.  51.  63.  47.  51.  64.  60.  48.  44.
  56.  47.  52.  38.  42.  61.  56.  53.  61.  55.  58.  54.  57.  59.  65.
  54.  54.  48.  53.  56.  44.  53.  57.  49.  56.  61.  47.  64.  57.  65.
  47.  60.  68.  50.  60.  54.  61.  50.  56.  48.  49.  56.  56.  54.  62.
  52.  57.  43.  49.  46.  54.  61.  42.  43.  53.  45.  60.  52.  55.  50.
  57.  62.  63.  68.  58.  52.  46.  70.  58.  56.  61.  54.  59.  61.  56.
  50.  62.  60.  60.  51.  60.  49.  59.  49.  48.  55.  48.  60.  56.  51.
  51.  47.  70.  46.  55.  50.  55.  51.  44.  50.  44.  52.  47.  54.  50.
  55.  57.  62.  65.  52.  40.  46.  61.  55.  42.  49.  58.  40.  59.  53.
  62.  58.  55.  53.  58.  49.  54.  41.  43.  45.  50.  45.  50.  63.  59.
  47.  50.  47.  55.  37.  39.  50.  56.  56.  54.  53.  48.  49.  42.  58.
  44.  54.  63.  64.  55.  63.  56.  52.  61.  43.  59.  49.  52.  54.  58.
  60.  56.  61.  70.  62.  46.  55.  44.  46.  56.  55.  59.  50.  64.  43.
  50.  64.  62.  68.  47.  57.  60.  59.  56.  54.  57.  39.  59.  36.  63.
  41.  43.  45.  49.  55.  70.  58.  56.  64.  67.  59.  52.  57.  56.  58.
  51.  63.  59.  47.  54.  43.  33.  44.  46.  43.  57.  64.  50.  54.  57.
  59.  58.  49.  59.  50.  51.  51.  54.  54.  47.  54.  62.  56.  43.  58.
  60.  54.  52.  61.  48.  56.  58.  54.  43.  57.  46.  69.  60.  57.  49.
  57.  45.  48.  45.  50.  58.  58.  51.  49.  50.  51.  47.  58.  51.  61.
  50.  47.  47.  49.  40.  52.  51.  54.  60.  51.  58.  49.  60.  43.  55.
  45.  50.  58.  45.  45.  38.  51.  45.  47.  38.  35.  50.  59.  63.  53.
  60.  50.  60.  49.  63.  45.  59.  70.  56.  61.  48.  53.  48.  56.  62.
  62.  60.  42.  53.  41.  48.  58.  52.  59.  57.  50.  57.  57.  44.  54.
  53.  54.  55.  56.  42.  60.  51.  49.  60.  52.  56.  43.  55.  57.  64.
  65.  58.  57.  37.  51.  58.  56.  54.  59.  46.  56.  51.  51.  49.  58.
  68.  51.  47.  57.  60.  46.  46.  49.  60.  55.  45.  56.  53.  59.  58.
  43.  60.  57.  68.  59.  56.  51.  44.  48.  53.  62.  45.  53.  67.  60.
  54.  56.  55.  59.  65.  52.  59.  59.  57.  53.  57.  57.  52.  64.  51.
  59.  54.  53.  49.  50.  65.  57.  60.  49.  53.  52.  56.  57.  55.  58.
  47.  48.  46.  55.  58.  53.  55.  59.  52.  60.  62.  39.  61.  49.  43.
  46.  60.  58.  56.  55.  52.  49.  48.  47.  46.  53.  53.  54.  61.  43.
  60.  50.  68.  63.  68.  58.  56.  60.  57.  61.  46.  52.  46.  34.  64.
  48.  51.  45.  52.  60.  67.  50.  62.  64.  49.  49.  53.  60.  52.  57.
  42.  59.  46.  49.  58.  69.  73.  39.  60.  45.  62.  60.  54.  52.  55.
  55.  56.  64.  48.  49.  43.  57.  59.  48.  47.  45.  57.  48.  59.  63.
  41.  38.  51.  59.  60.  58.  50.  43.  53.  61.  49.  46.  56.  59.  55.
  55.  59.  70.  52.  66.  64.  54.  59.  61.  67.  58.  61.  63.  57.  65.
  62.  58.  60.  64.  64.  36.  50.  57.  65.  57.  62.  56.  57.  71.  60.
  60.  63.  62.  49.  36.  50.  63.  68.  70.  27.  50.  57.  52.  56.  72.]