[  0.  13.   9.  13.   5.  15.   9.  16.  10.   9.   9.  20.  11.  13.  18.
   9.  16.  17.  25.  17.  17.   8.  26.  20.  21.  21.  25.  17.  19.  33.
  17.  19.  21.  30.  24.  27.  24.  23.  33.  26.  29.  26.  33.  29.  23.
  33.  19.  15.  28.  21.  35.  30.  25.  17.  28.  32.  30.  23.  26.  22.
  18.  24.  31.  19.  34.  20.  33.  36.  49.  22.  31.  39.  39.  32.  27.
  25.  26.  24.  26.  26.  28.  24.  32.  22.  17.  14.  20.  23.  21.  29.
  32.  33.  39.  37.  23.  18.  22.  34.  33.  36.  43.  27.  33.  21.  19.
  16.  32.  39.  25.  31.  36.  36.  31.  37.  25.  26.  28.  34.  32.  23.
  30.  22.  38.  23.  28.  32.  33.  33.  34.  43.  21.  25.  25.  40.  30.
  33.  33.  32.  35.  28.  28.  38.  35.  36.  22.  29.  35.  24.  29.  34.
  39.  37.  28.  32.  32.  30.  38.  34.  26.  28.  33.  28.  35.  25.  42.
  28.  32.  43.  28.  29.  22.  28.  32.  36.  23.  33.  34.  35.  20.  37.
  27.  28.  35.  43.  32.  41.  35.  25.]