[  0.  13.   6.  11.  10.   9.  11.   8.  13.  11.  15.  18.  23.  15.  17.
  15.  33.  28.  43.  35.  41.  28.  38.  40.  36.  37.  42.  48.  44.  54.
  38.  36.  43.  46.  35.  51.  36.  43.  48.  41.  40.  39.  41.  56.  48.
  37.  47.  40.  42.  62.  38.  41.  51.  53.  39.  51.  47.  45.  39.  56.
  40.  37.  43.  36.  51.  44.  53.  52.  48.  57.  27.  36.  45.  38.  39.
  44.  60.  43.  42.  37.  48.  40.  48.  46.  40.  33.  50.  49.  48.  41.
  48.  56.  49.  49.  39.  35.  43.  59.  49.  56.  56.  42.  45.  36.  42.
  44.  44.  42.  36.  39.  40.  50.  44.  49.  35.  44.  44.  41.  38.  36.
  41.  48.  58.  40.  38.  39.  44.  41.  29.  44.  18.  43.  40.  55.  41.
  43.  50.  48.  36.  37.  42.  43.  47.  43.  29.  53.  47.  22.  48.  45.
  62.  41.  46.  43.  50.  44.  56.  41.  35.  46.  38.  32.  36.  40.  44.
  45.  40.  57.  39.  44.  47.  47.  45.  58.  47.  37.  40.  40.  35.  48.
  32.  53.  48.  45.  50.  55.  42.  45.  57.  56.  41.  44.  41.  26.  40.
  40.  57.  54.  50.  47.  25.  53.  42.  41.  42.  52.  50.  36.  50.  44.
  44.  47.  42.  49.  50.  48.  47.  55.  52.  43.  49.  43.  69.  29.  45.
  50.  38.  41.  37.  42.  56.  39.  38.  50.  47.  54.  42.  40.  46.  54.
  54.  44.  54.  29.  60.  37.]