[  0.  13.  13.  12.  13.  18.   8.  11.  11.  11.  16.  18.  19.  16.  22.
  15.  14.  21.  28.  22.  17.  21.  48.  38.  29.  37.  34.  35.  39.  43.
  39.  40.  48.  36.  28.  41.  43.  43.  48.  38.  58.  39.  44.  45.  37.
  40.  44.  37.  38.  45.  35.  38.  41.  38.  51.  44.  48.  61.  52.  47.
  38.  43.  55.  30.  45.  53.  43.  43.  43.  37.  40.  44.  49.  32.  37.
  45.  56.  34.  46.  36.  34.  28.  39.  45.  48.  43.  48.  43.  36.  40.
  39.  46.  42.  55.  33.  41.  48.  56.  39.  55.  46.  48.  50.  45.  45.
  54.  53.  56.  44.  41.  39.  48.  31.  44.  30.  42.  48.  45.  42.  40.
  53.  36.  54.  34.  51.  37.  42.  50.  37.  46.  20.  38.  46.  48.  42.
  40.  47.  49.  38.  44.  47.  41.  47.  38.  37.  33.  45.  33.  49.  42.
  43.  48.  38.  33.  53.  43.  51.  46.  35.  50.  48.  43.  47.  50.  48.
  42.  44.  47.  32.  36.  22.  37.  50.  52.  40.  42.  46.  46.  40.  58.
  39.  34.  53.  49.  38.  44.  46.  45.  52.  47.  53.  49.  34.  30.  41.
  46.  49.  46.  59.  50.  33.  44.  48.  49.  46.  50.  53.  47.  41.  40.
  38.  32.  41.  43.  51.  37.  39.  48.  44.  31.  44.  29.  40.  35.  37.
  36.  32.  38.  42.  53.  52.  52.  40.  46.  46.  35.  48.  41.  46.  48.
  56.  32.  57.  43.  43.  36.  35.  37.  41.  44.  30.  44.  45.  53.  41.
  45.  51.  47.  52.  40.  50.  45.  42.  48.  40.  45.  45.  46.  37.  36.
  37.  48.  39.  46.  45.  54.  36.  58.  34.  42.  36.  42.  45.  49.  33.
  48.  50.  45.  54.  50.  40.  47.  34.  52.  53.  55.  50.  53.  42.  51.
  39.  45.  36.  37.  47.  34.  35.  24.  52.  41.  45.  38.  36.  42.  43.
  43.  40.  47.  49.  44.  38.  42.  30.  42.  33.  32.  32.  50.  55.  46.
  52.  38.  48.  38.  49.  43.  50.  54.  35.  48.  57.  41.  47.  40.  46.
  44.  49.  37.  41.  43.  33.  49.  36.  38.  26.  47.  38.  56.  34.  43.
  44.  52.  41.  44.  39.  44.  41.  51.  38.  49.  48.  39.  38.  45.  37.
  50.  50.  57.  42.  30.  51.  54.  51.  42.  35.  51.  32.  39.  44.  45.
  44.  45.  42.  40.  36.  43.  42.  31.  37.  51.  32.  59.  51.  44.  54.
  39.  29.  40.  51.  42.  55.  53.  39.  42.  30.  39.  38.  50.  40.  40.
  41.  50.  37.  42.  46.  59.  47.  40.  48.  39.  31.  38.  43.  49.  47.
  46.  47.  57.  51.  36.  47.  36.  47.  34.  48.  38.  47.  55.  43.  44.
  42.  40.  44.  58.  51.  38.  44.  41.  31.  37.  45.  42.  48.  45.  51.
  42.  38.  45.  44.  42.  45.  54.  44.  40.  44.  39.  42.  38.  39.  29.
  50.  41.  53.  48.  57.  45.  39.  46.  47.  38.  38.  51.  44.  43.  40.
  35.  27.  26.  55.  34.  50.  50.  49.  59.  44.  44.  46.  61.  38.  50.
  41.  39.  32.  50.  51.  51.  56.  32.  58.  49.  52.  51.  31.  35.  38.
  48.  51.  54.  47.  45.  39.  37.  40.  43.  38.  48.  54.  44.  49.  60.
  36.  28.  39.  52.  49.  62.  46.  36.  39.  45.  33.  31.  44.  37.  48.
  54.  37.  53.  50.  47.  56.  44.  45.  37.  46.  46.  45.  58.  39.  49.
  56.  43.  36.  49.  46.  43.  41.  40.  36.  40.  42.  49.  50.  54.  50.
  42.  40.  40.  32.  34.  40.  49.  62.  68.  25.  39.  59.  35.  30.  37.]