[  0.  13.  10.  11.   5.   8.   9.  12.  14.   8.  12.  21.  18.   8.  13.
  10.  19.  19.  25.  23.  15.  16.  28.  32.  26.  17.  26.  17.  22.  26.
  22.  29.  34.  26.  36.  32.  32.  32.  39.  31.  30.  31.  28.  36.  23.
  28.  26.  30.  28.  36.  26.  34.  24.  37.  33.  35.  33.  38.  32.  31.
  32.  23.  47.  38.  51.  30.  44.  49.  41.  33.  35.  25.  34.  27.  47.
  47.  34.  32.  21.  34.  28.  35.  40.  30.  30.  25.  24.  25.  27.  44.
  31.  27.  34.  42.  30.  36.  27.  47.  28.  42.  49.  36.  41.  29.  27.
  23.  24.  29.  22.  37.  38.  47.  43.  36.  37.  35.  38.  46.  35.  40.
  34.  19.  35.  37.  33.  39.  31.  26.  24.  42.  16.  32.  23.  41.  34.
  24.  41.  32.  38.  42.  29.  32.  41.  46.  33.  31.  39.  27.  44.  39.
  47.  37.  35.  27.  40.  52.  46.  30.  31.  39.  34.  30.  28.  40.  30.
  41.  39.  29.  33.  28.  29.  38.  32.  30.  35.  44.  24.  38.  29.  47.
  24.  41.  44.  45.  43.  38.  29.  30.  41.  43.  43.  37.  34.  36.  38.
  37.  38.  31.  34.  43.  26.  44.  27.  42.  43.  39.  40.  40.  30.  38.
  28.  41.  40.  38.  49.  40.  35.  36.  35.  31.  44.  40.  46.  23.  36.
  33.  24.  24.  33.  39.  39.  37.  25.  52.  35.  34.  33.  44.  50.  27.
  34.  35.  47.  34.  39.  31.  36.  34.  31.  33.  38.  49.  33.  39.  38.
  44.  46.  47.  56.  47.  50.  36.  48.  39.  31.  33.  39.  28.  24.  42.
  34.  28.  37.  29.  25.  37.  38.  19.  37.  45.  33.  49.  37.  36.  28.
  25.  33.  19.  30.  29.  28.  37.  43.  27.  32.  40.  35.  25.  33.  27.
  33.  27.  26.  25.  41.  38.  26.  37.  38.  38.  45.  45.  45.  39.  44.
  36.  43.  27.  40.  39.  48.  34.  32.  42.  17.  32.  37.  31.  38.  46.
  44.  33.  27.  28.  40.  45.  44.  38.  29.  39.  35.  47.  34.  41.  33.
  40.  32.  28.  34.  24.  36.  41.  31.  38.  26.  30.  30.  33.  20.  41.
  30.  45.  47.  34.  26.  43.  32.  27.  30.  27.  39.  40.  32.  31.  21.
  45.  38.  33.  28.  34.  31.  38.  28.  32.  32.  29.  34.  34.  41.  33.
  34.  42.  38.  36.  30.  28.  32.  34.  40.  39.  32.  39.  37.  38.  37.
  25.  31.  43.  45.  45.  45.  39.  29.  28.  36.  46.  25.  35.  38.  37.
  35.  36.  39.  38.  34.  42.  37.  27.  31.  34.  32.  42.  40.  42.  42.
  34.  41.  45.  52.  34.  37.  31.  29.  36.  30.  39.  41.  38.  38.  39.
  25.  31.  30.  41.  31.  36.  46.  31.  36.  34.  38.  43.  41.  41.  27.
  26.  41.  34.  26.  37.  39.  26.  45.  37.  31.  21.  32.  37.  48.  30.
  38.  29.  36.  40.  26.  33.  29.  42.  38.  47.  34.  42.  20.  32.  41.
  33.  34.  30.  38.  38.  49.  43.  36.  54.  25.  38.  23.  38.  34.  33.
  20.  37.  28.  22.  25.  33.  35.  28.  40.  38.  43.  44.  26.  40.  44.
  40.  42.  49.  35.  33.  26.  31.  34.  35.  35.  34.  40.  31.  37.  48.
  32.  27.  30.  37.  38.  34.  29.  34.  27.  28.  29.  25.  25.  35.  39.
  28.  35.  45.  30.  44.  47.  34.  39.  43.  37.  31.  42.  48.  37.  30.
  44.  38.  40.  35.  42.  33.  25.  29.  38.  28.  29.  33.  46.  50.  41.
  40.  52.  28.  44.  34.  38.  44.  49.  33.  23.  21.  35.  33.  34.  29.]