[  0.  13.  13.  16.   8.  15.  14.  20.  13.  17.  20.  23.  25.  19.  29.
  25.  38.  36.  35.  39.  31.  38.  44.  46.  45.  39.  43.  40.  41.  45.
  46.  44.  48.  41.  32.  38.  44.  54.  45.  46.  49.  36.  46.  43.  44.
  38.  47.  58.  50.  42.  40.  56.  44.  39.  64.  43.  47.  54.  38.  54.
  50.  48.  67.  48.  57.  44.  55.  53.  55.  42.  41.  40.  45.  50.  48.
  33.  56.  39.  40.  42.  47.  53.  37.  42.  44.  46.  34.  46.  36.  35.
  39.  51.  46.  60.  41.  51.  46.  56.  42.  61.  53.  52.  55.  38.  48.
  46.  40.  47.  58.  51.  43.  43.  45.  45.  40.  49.  56.  48.  42.  37.
  52.  48.  58.  33.  32.  37.  52.  44.  39.  58.  33.  42.  41.  64.  50.
  38.  45.  45.  52.  44.  51.  33.  45.  51.  28.  28.  47.  26.  54.  33.
  42.  48.  47.  50.  44.  41.  47.  51.  43.  52.  51.  38.  38.  49.  48.
  54.  47.  52.  38.  43.  34.  35.  42.  42.  40.  40.  33.  38.  36.  39.
  37.  37.  54.  50.  54.  50.  43.  44.  50.  47.  38.  56.  34.  42.  42.
  45.  46.  49.  55.  50.  34.  53.  40.  39.  45.  38.  48.  40.  49.  35.
  39.  34.  51.  44.  58.  55.  42.  51.  45.  34.  58.  35.  54.  35.  45.
  40.  36.  41.  46.  45.  42.  40.  47.  51.  52.  55.  42.  46.  46.  42.
  52.  40.  52.  45.  48.  36.  46.  43.  47.  49.  55.  47.  51.  39.  41.
  42.  51.  45.  56.  45.  40.  35.  53.  48.  45.  37.  43.  43.  47.  32.
  37.  38.  46.  37.  39.  44.  32.  51.  35.  44.  37.  50.  47.  38.  33.
  41.  50.  36.  44.  44.  50.  40.  36.  45.  47.  43.  37.  36.  46.  47.
  38.  48.  32.  41.  40.  39.  37.  42.  41.  33.  60.  49.  43.  45.  38.
  41.  36.  39.  37.  38.  45.  48.  33.  41.  32.  36.  41.  54.  41.  45.
  47.  25.  53.  43.  49.  54.  40.  49.  33.  59.  40.  57.  36.  46.  44.
  47.  51.  40.  41.  37.  50.  42.  37.  45.  44.  47.  39.  40.  25.  47.
  38.  48.  34.  46.  36.  44.  46.  42.  47.  39.  46.  37.  36.  37.  32.
  41.  52.  63.  42.  47.  43.  45.  43.  50.  32.  63.  46.  42.  38.  50.
  50.  49.  41.  46.  43.  45.  45.  47.  47.  46.  46.  48.  47.  44.  47.
  36.  51.  55.  48.  47.  53.  40.  35.  52.  53.  43.  49.  43.  40.  58.
  49.  51.  36.  44.  36.  59.  32.  49.  43.  36.  40.  51.  38.  51.  48.
  55.  52.  47.  51.  44.  48.  44.  54.  45.  47.  35.  46.  53.  45.  44.
  39.  32.  41.  56.  45.  53.  48.  47.  38.  48.  46.  45.  39.  40.  39.
  36.  53.  50.  48.  39.  35.  53.  45.  48.  42.  39.  42.  42.  53.  41.
  48.  36.  56.  51.  48.  41.  42.  49.  50.  54.  43.  44.  44.  46.  54.
  49.  35.  30.  41.  34.  53.  42.  44.  53.  29.  42.  49.  59.  50.  52.
  42.  57.  46.  45.  52.  42.  58.  37.  51.  44.  52.  39.  37.  38.  60.
  46.  47.  48.  50.  46.  36.  46.  29.  49.  34.  52.  50.  39.  57.  52.
  29.  36.  37.  59.  41.  58.  38.  49.  51.  49.  41.  38.  52.  45.  51.
  38.  41.  48.  46.  55.  56.  41.  38.  35.  51.  47.  50.  61.  48.  51.
  57.  48.  61.  45.  54.  50.  51.  50.  38.  42.  48.  46.  52.  54.  54.
  46.  52.  47.  44.  48.  59.  58.  66.  52.  21.  45.  51.  47.  48.  55.]