[  0.  13.   8.  12.  21.  23.  11.  24.  17.   9.  27.  31.  26.  28.  43.
  48.  50.  56.  63.  70.  54.  65.  60.  56.  58.  70.  59.  63.  61.  66.
  55.  55.  60.  67.  62.  69.  57.  59.  70.  56.  72.  57.  67.  70.  65.
  57.  66.  61.  55.  69.  55.  68.  74.  64.  63.  56.  56.  73.  51.  73.
  67.  66.  69.  52.  53.  68.  67.  68.  67.  56.  52.  53.  62.  47.  60.
  62.  72.  48.  49.  58.  57.  56.  55.  64.  56.  44.  53.  52.  57.  61.
  63.  70.  64.  52.  51.  66.  53.  61.  53.  81.  64.  61.  63.  60.  67.
  70.  66.  71.  70.  75.  68.  63.  61.  62.  68.  65.  66.  62.  59.  54.
  61.  61.  77.  71.  74.  58.  69.  62.  58.  63.  54.  47.  54.  67.  66.
  69.  67.  60.  53.  64.  62.  42.  60.  57.  52.  54.  65.  53.  66.  58.
  58.  63.  59.  66.  68.  67.  68.  63.  62.  52.  62.  50.  55.  68.  60.
  68.  62.  59.  48.  59.  53.  66.  61.  69.  71.  57.  56.  63.  64.  67.
  47.  67.  75.  73.  67.  66.  61.  69.  71.  68.  65.  72.  55.  67.  68.
  57.  61.  59.  67.  65.  46.  60.  55.  58.  58.  61.  58.  67.  65.  50.
  51.  65.  63.  69.  63.  59.  53.  60.  61.  67.  56.  59.  65.  43.  63.
  61.  50.  59.  62.  59.  69.  64.  61.  71.  62.  61.  53.  59.  70.  69.
  74.  57.  63.  64.  64.  60.  63.  54.  62.  52.  56.  62.  65.  69.  63.
  76.  66.  73.  68.  48.  68.  64.  61.  65.  63.  61.  66.  63.  67.  49.
  68.  71.  65.  69.  59.  63.  50.  58.  59.  71.  55.  72.  60.  63.  66.
  58.  71.  57.  64.  55.  57.  71.  54.  64.  55.  67.  73.  64.  55.  60.
  53.  52.  53.  59.  61.  56.  59.  61.  54.  53.  66.  61.  73.  58.  50.
  48.  57.  58.  67.  73.  65.  60.  40.  58.  50.  55.  63.  69.  65.  57.
  69.  61.  62.  52.  67.  66.  58.  73.  66.  73.  65.  60.  69.  77.  62.
  62.  70.  57.  55.  59.  66.  73.  63.  65.  68.  67.  67.  59.  60.  49.
  59.  71.  64.  65.  58.  62.  68.  65.  71.  66.  60.  60.  76.  61.  62.
  64.  57.  72.  52.  62.  63.  60.  66.  76.  57.  67.  66.  73.  64.  74.
  72.  71.  70.  75.  60.  49.  68.  66.  71.  58.  67.  75.  70.  70.  71.
  61.  70.  65.  76.  78.  59.  58.  43.  69.  53.  65.  51.  65.  71.  68.
  70.  76.  65.  64.  61.  68.  57.  67.  67.  62.  53.  57.  60.  65.  64.
  64.  66.  69.  63.  68.  56.  59.  66.  55.  76.  66.  59.  65.  69.  66.
  60.  53.  59.  66.  70.  62.  60.  64.  54.  67.  64.  55.  64.  57.  64.
  53.  69.  69.  58.  60.  55.  67.  61.  57.  55.  58.  69.  60.  71.  59.
  70.  62.  70.  65.  69.  64.  69.  53.  70.  77.  61.  61.  55.  62.  76.
  62.  58.  62.  61.  60.  60.  60.  63.  68.  61.  48.  46.  70.  58.  74.
  70.  73.  61.  63.  65.  57.  71.  51.  59.  57.  69.  69.  64.  61.  68.
  67.  69.  57.  66.  58.  53.  65.  71.  57.  66.  61.  59.  55.  64.  72.
  58.  56.  56.  66.  67.  75.  60.  65.  61.  66.  48.  52.  72.  60.  58.
  57.  69.  70.  56.  70.  75.  65.  68.  59.  67.  68.  75.  74.  60.  71.
  68.  75.  71.  72.  76.  65.  61.  60.  55.  72.  71.  65.  77.  79.  73.
  63.  65.  71.  63.  61.  47.  83.  69.  76.  48.  55.  68.  74.  69.  72.]