[  0.  13.  10.  14.  23.  18.  29.  39.  57.  48.  51.  54.  57.  51.  56.
  53.  55.  60.  70.  61.  61.  65.  61.  48.  58.  70.  68.  58.  63.  70.
  62.  49.  60.  56.  55.  51.  58.  57.  56.  54.  46.  54.  56.  66.  57.
  51.  48.  56.  40.  44.  40.  50.  48.  51.  53.  45.  53.  53.  51.  51.
  62.  45.  47.  50.  62.  53.  54.  59.  56.  58.  45.  50.  61.  54.  52.
  55.  62.  47.  49.  52.  59.  54.  52.  46.  37.  46.  38.  46.  49.  38.
  57.  59.  56.  49.  43.  48.  50.  52.  60.  67.  56.  48.  58.  50.  46.
  57.  52.  54.  54.  56.  57.  58.  51.  55.  53.  57.  63.  44.  48.  48.
  42.  49.  59.  55.  51.  51.  46.  50.  40.  37.  41.  48.  35.  50.  43.
  38.  51.  43.  49.  46.  47.  45.  55.  42.  35.  50.  43.  42.  46.  35.
  51.  57.  53.  48.  57.  58.  55.  56.  52.  50.  57.  45.  31.  56.  61.
  56.  65.  62.  50.  39.  41.  45.  61.  65.  52.  59.  52.  60.  37.  40.
  48.  58.  75.  66.  60.  63.  63.  67.  72.  64.  54.  46.  65.  44.  43.
  47.  55.  59.  62.  58.  60.  48.  34.  40.  51.  53.  50.  55.  56.  52.
  50.  56.  56.  61.  50.  48.  50.  53.  57.  49.  64.  52.  60.  52.  53.
  41.  31.  42.  52.  57.  57.  55.  45.  50.  43.  47.  45.  47.  53.  52.
  61.  52.  55.  45.  52.  58.  55.  53.  54.  53.  43.  62.  56.  54.  53.
  52.  55.  65.  55.  51.  59.  58.  61.  52.  51.  54.  56.  61.  54.  42.
  54.  50.  36.  41.  41.  52.  46.  47.  48.  56.  55.  70.  52.  63.  45.
  51.  52.  52.  42.  40.  57.  48.  51.  55.  61.  66.  50.  45.  51.  58.
  52.  53.  42.  38.  48.  45.  42.  49.  51.  46.  54.  51.  60.  51.  51.
  44.  52.  51.  56.  61.  56.  70.  52.  52.  36.  36.  44.  40.  41.  37.
  60.  46.  58.  62.  43.  49.  47.  44.  49.  70.  62.  51.  60.  57.  48.
  48.  55.  51.  45.  39.  51.  54.  56.  61.  50.  60.  53.  51.  41.  48.
  55.  60.  66.  50.  57.  58.  66.  69.  60.  52.  41.  56.  52.  43.  49.
  61.  40.  47.  33.  43.  47.  54.  54.  50.  35.  49.  43.  52.  47.  53.
  58.  51.  55.  59.  48.  47.  53.  48.  48.  52.  55.  59.  57.  54.  59.
  42.  49.  47.  50.  55.  39.  38.]