[  0.  13.   7.  16.  11.  11.   9.  10.  13.  11.  21.  17.  16.   4.  20.
  10.  25.  34.  35.  41.  26.  23.  33.  33.  39.  33.  40.  31.  38.  44.
  44.  35.  41.  28.  33.  32.  34.  40.  46.  41.  39.  35.  58.  41.  42.
  34.  42.  46.  44.  44.  42.  48.  35.  35.  42.  39.  47.  58.  34.  46.
  35.  35.  45.  41.  47.  34.  57.  53.  44.  44.  35.  32.  44.  44.  41.
  48.  56.  43.  43.  27.  36.  40.  30.  47.  35.  34.  42.  31.  28.  38.
  38.  49.  47.  54.  40.  40.  47.  50.  41.  60.  59.  43.  42.  25.  34.
  41.  44.  54.  56.  49.  50.  45.  37.  48.  42.  51.  53.  52.  38.  40.
  40.  41.  57.  28.  53.  24.  49.  41.  35.  62.  31.  36.  49.  53.  46.
  43.  53.  38.  46.  39.  44.  28.  39.  47.  28.  36.  48.  21.  48.  46.
  57.  40.  45.  47.  55.  36.  47.  46.  31.  48.  29.  36.  46.  32.  55.
  47.  50.  58.  48.  43.  30.  37.  48.  46.  43.  47.  44.  43.  31.  42.
  31.  45.  42.  52.  49.  53.  44.  38.  40.  43.  50.  28.  44.  32.  32.
  44.  39.  36.  48.  56.  38.  43.  39.  49.  43.  48.  46.  42.  54.  46.
  50.  38.  54.  48.  55.  48.  43.  38.  47.  41.  36.  36.  45.  30.  54.
  36.  28.  27.  43.  50.  44.  44.  34.  59.  50.  39.  43.  38.  42.  51.
  41.  40.  39.  39.  52.  33.  28.  47.  44.  42.  54.  40.  46.  42.  40.
  45.  61.  47.  48.  45.  39.  48.  48.  47.  38.  38.  43.  41.  29.  40.
  32.  44.  39.  55.  46.  44.  48.  44.  38.  40.  33.  55.  47.  37.  49.
  48.  46.  34.  51.  39.  45.  39.  34.  44.  40.  43.  25.  47.  35.  51.
  47.  45.  35.  38.  45.  38.  35.  44.  45.  51.  50.  52.  40.  42.  36.
  35.  48.  47.  36.  47.  48.  46.  36.  44.  29.  40.  44.  44.  38.  40.
  38.  25.  48.  37.  47.  42.  49.  40.  39.]