[  0.  13.   8.  15.  19.  15.  18.  18.  15.  21.  22.  28.  19.  18.  18.
  24.  28.  26.  44.  28.  29.  25.  37.  26.  31.  57.  54.  53.  50.  65.
  57.  53.  59.  56.  55.  64.  61.  65.  67.  59.  70.  59.  64.  62.  53.
  47.  64.  62.  55.  57.  49.  69.  65.  64.  67.  62.  64.  64.  60.  72.
  56.  74.  70.  60.  63.  50.  67.  67.  67.  59.  58.  50.  62.  48.  61.
  57.  64.  47.  63.  50.  66.  70.  62.  60.  64.  49.  60.  62.  68.  55.
  64.  68.  64.  69.  49.  63.  53.  72.  54.  67.  72.  63.  67.  64.  75.
  71.  68.  73.  70.  67.  58.  63.  71.  71.  61.  66.  59.  58.  51.  52.
  61.  58.  75.  69.  69.  57.  67.  62.  58.  64.  40.  59.  60.  80.  55.
  60.  66.  63.  63.  58.  58.  51.  58.  64.  54.  50.  63.  43.  59.  60.
  56.  54.  67.  62.  63.  49.  63.  75.  57.  64.  62.  58.  64.  62.  67.
  63.  54.  65.  66.  67.  49.  56.  63.  63.  61.  66.  57.  72.  61.  62.
  45.  63.  70.  64.  64.  64.  50.  68.  71.  63.  68.  57.  50.  60.  57.
  72.  60.  59.  81.  72.  52.  61.  42.  65.  70.  71.  59.  63.  61.  57.
  49.  53.  66.  75.  62.  59.  55.  66.  60.  70.  65.  52.  63.  40.  66.
  48.  59.  61.  61.  70.  56.  67.  72.  60.  63.  61.  57.  58.  53.  57.
  58.  64.  61.  43.  70.  47.  71.  62.  62.  68.  63.  62.  58.  72.  64.
  68.  56.]