[  0.  13.  11.  47.  53.  53.  54.  47.  27.  45.  47.  52.  42.  37.  36.
  39.  32.  40.  54.  43.  46.  44.  48.  53.  49.  41.  44.  49.  48.  43.
  47.  40.  45.  42.  50.  39.  46.  46.  51.  44.  40.  62.  46.  44.  44.
  52.  40.  45.  55.  49.  58.  45.  33.  36.  43.  43.  34.  43.  38.  32.
  35.  35.  47.  39.  38.  34.  43.  47.  46.  38.  44.  38.  36.  38.  28.
  40.  40.  35.  33.  26.  41.  39.  30.  29.  35.  32.  35.  37.  24.  30.
  47.  49.  46.  53.  47.  54.  50.  52.  40.  53.  50.  51.  50.  37.  36.
  44.  43.  49.  42.  55.  44.  41.  36.  47.  45.  45.  46.  42.  39.  46.
  42.  43.  51.  46.  39.  35.  43.  34.  42.  41.  31.  27.  35.  44.  38.
  37.  41.  49.  48.  49.  34.  38.  41.  48.  39.  33.  31.  32.  25.  35.
  39.  53.  37.  42.  36.  42.  47.  45.  42.  36.  35.  38.  35.  43.  43.
  43.  50.  44.  45.  35.  44.  39.  39.  43.  41.  45.  45.  41.  31.  52.
  46.  45.  51.  54.  53.  56.  40.  49.  42.  48.  43.  45.  35.  33.  38.
  38.  51.  45.  47.  53.  51.  53.  46.  33.  40.  55.  39.  48.  46.  44.
  38.  49.  51.  54.  53.  58.  44.  48.  39.  51.  58.  46.  55.  26.  31.
  35.  21.  35.  32.  36.  37.  26.  36.  51.  42.  41.  49.  48.  50.  52.
  54.  48.  56.  49.  49.  43.  50.  49.  45.  42.  37.  45.  48.  50.  36.
  48.  55.  44.  47.  49.  58.  55.  51.  44.  49.  49.  37.  47.  43.  39.
  50.  41.  49.  50.  49.  49.  49.  46.  46.  50.  63.  57.  55.  47.  47.
  41.  44.  31.  51.  47.  41.  28.  44.  49.  48.  55.  52.  58.  40.  45.
  34.  29.  22.  29.  46.  36.  32.  41.  33.  40.  55.  45.  49.  43.  34.
  26.  40.  42.  42.  59.  50.  41.  28.  30.  32.  37.  31.  47.  40.  54.
  59.  34.  35.  38.  39.  57.  41.  50.  52.  41.  48.  33.  40.  42.  44.
  49.  47.  40.  42.  31.  49.  46.  39.  43.  39.  35.  31.  40.  30.  41.
  43.  47.  38.  54.  47.  46.  54.  45.  49.  44.  46.  45.  42.  43.  28.
  35.  33.  46.  40.  40.  44.  44.  48.  44.  36.  49.  38.  30.  47.  41.
  50.  45.  45.  42.  41.  30.  40.  37.  42.  40.  40.  41.  54.  38.  46.
  36.  41.  47.  43.  43.  39.  38.  42.  37.  38.  31.  32.  43.  44.  31.
  40.  38.  35.  34.  40.  48.  47.  40.  49.  30.  33.  43.  40.  43.  47.
  31.  35.  38.  39.  51.  42.  44.  35.  27.  32.  41.  47.  39.  35.  47.
  36.  42.  42.  55.  57.  43.  44.  43.  37.  31.  39.  43.  40.  47.  27.
  37.  36.  54.  42.  52.  37.  44.  49.  45.  38.  36.  44.  38.  45.  33.
  48.  34.  40.  50.  45.  55.  41.  50.  49.  48.  48.  45.  51.  34.  46.
  41.  33.  35.  27.  29.  40.  39.  38.  55.  34.  40.  33.  44.  27.  46.
  41.  55.  35.  40.  29.  41.  43.  44.  47.  44.  48.  47.  34.  24.  40.
  62.  52.  53.  38.  43.  43.  48.  40.  41.  39.  38.  43.  40.  51.  61.
  40.  27.  38.  50.  38.  55.  47.  43.  56.  40.  29.  45.  47.  48.  46.
  41.  44.  46.  37.  49.  46.  37.  32.  49.  44.  49.  56.  58.  52.  53.
  42.  53.  38.  32.  44.  35.  36.  34.  34.  41.  33.  44.  46.  52.  37.
  42.  43.  47.  56.  49.  61.  69.  67.  57.  44.  41.  55.  59.  50.  56.]