[  0.  13.   6.  11.  10.   9.  11.   8.  13.  11.  15.  18.  23.  15.  17.
  15.  33.  28.  43.  35.  41.  28.  38.  40.  36.  37.  42.  48.  44.  54.
  38.  36.  43.  46.  35.  51.  36.  43.  48.  41.  40.  39.  41.  56.  48.
  37.  47.  40.  42.  62.  38.  41.  51.  53.  39.  51.  47.  45.  39.  56.
  40.  37.  43.  36.  51.  44.  53.  52.  48.  57.  27.  36.  45.  38.  39.
  44.  60.  43.  42.  37.  48.  40.  48.  46.  40.  33.  50.  49.  48.  41.
  48.  56.  49.  49.  39.  35.  43.  59.  49.  56.  56.  42.  45.  36.  42.
  44.  44.  42.  36.  39.  40.  50.  44.  49.  35.  44.  44.  41.  38.  36.
  41.  48.  58.  40.  38.  39.  44.  41.  29.  44.  18.  43.  40.  55.  41.
  43.  50.  48.  36.  37.  42.  43.  47.  43.  29.  53.  47.  22.  48.  45.
  62.  41.  46.  43.  50.  44.  56.  41.  35.  46.  38.  32.  36.  40.  44.
  45.  40.  57.  39.  44.  47.  47.  45.  58.  47.  37.  40.  40.  35.  48.
  32.  53.  48.  45.  50.  55.  42.  45.  57.  56.  41.  44.  41.  26.  40.
  40.  57.  54.  50.  47.  25.  53.  42.  41.  42.  52.  50.  36.  50.  44.
  44.  47.  42.  49.  50.  48.  47.  55.  52.  43.  49.  43.  69.  29.  45.
  50.  38.  41.  37.  42.  56.  39.  38.  50.  47.  54.  42.  40.  46.  54.
  54.  44.  54.  29.  60.  37.  46.  40.  32.  50.  53.  48.  39.  50.  43.
  48.  37.  56.  46.  50.  45.  50.  48.  45.  53.  32.  42.  45.  44.  41.
  36.  43.  48.  57.  45.  54.  48.  41.  43.  43.  30.  46.  44.  31.  30.
  44.  46.  38.  61.  48.  39.  46.  42.  36.  49.  52.  53.  50.  47.  46.
  40.  36.  27.  36.  50.  39.  39.  43.  52.  38.  53.  49.  51.  43.  36.
  38.  40.  44.  45.  57.  42.  40.  31.  37.  31.  39.  26.  56.  58.  60.
  54.  39.  47.  50.  50.  52.  43.  52.  43.  55.  48.  46.  40.  44.  55.
  41.  50.  35.  45.  38.  40.  44.  35.  47.  40.  42.  48.  62.  40.  55.
  40.  48.  50.  41.  53.  48.  47.  47.  60.  36.  57.  49.  47.  45.  39.
  55.  30.  54.  45.  32.  48.  46.  38.  44.  34.  59.  45.  49.  49.  34.
  35.  49.  40.  49.  31.  34.  41.  60.  39.  41.  39.  47.  48.  41.  64.
  34.  47.  43.  45.  39.  51.  44.  35.  39.  51.  42.  42.  43.  47.  42.
  46.  50.  39.  49.  44.  52.  41.  47.  48.  40.  35.  39.  43.  51.  55.
  55.  55.  50.  50.  39.  42.  38.  42.  42.  42.  54.  46.  51.  42.  42.
  46.  42.  42.  59.  59.  50.  32.  48.  45.  45.  48.  45.  45.  43.  46.
  38.  43.  48.  42.  52.  37.  50.  45.  45.  43.  38.  42.  36.  43.  43.
  45.  53.  47.  44.  49.  49.  49.  44.  52.  46.  33.  42.  40.  47.  52.
  44.  38.  28.  50.  50.  54.  49.  50.  42.  38.  48.  33.  64.  38.  41.
  35.  50.  43.  33.  49.  44.  48.  45.  55.  42.  53.  40.  43.  37.  40.
  46.  45.  44.  38.  37.  27.  44.  43.  35.  24.  43.  49.  50.  54.  40.
  32.  39.  43.  41.  40.  44.  48.  38.  45.  43.  46.  41.  43.  41.  48.
  44.  47.  54.  43.  52.  56.  52.  52.  41.  49.  42.  46.  56.  44.  36.
  50.  41.  46.  35.  43.  38.  40.  36.  43.  45.  50.]