[  0.  13.   8.  15.  19.  15.  18.  18.  15.  21.  22.  28.  19.  18.  18.
  24.  28.  26.  44.  28.  29.  25.  37.  26.  31.  57.  54.  53.  50.  65.
  57.  53.  59.  56.  55.  64.  61.  65.  67.  59.  70.  59.  64.  62.  53.
  47.  64.  62.  55.  57.  49.  69.  65.  64.  67.  62.  64.  64.  60.  72.
  56.  74.  70.  60.  63.  50.  67.  67.  67.  59.  58.  50.  62.  48.  61.
  57.  64.  47.  63.  50.  66.  70.  62.  60.  64.  49.  60.  62.  68.  55.
  64.  68.  64.  69.  49.  63.  53.  72.  54.  67.  72.  63.  67.  64.  75.
  71.  68.  73.  70.  67.  58.  63.  71.  71.  61.  66.  59.  58.  51.  52.
  61.  58.  75.  69.  69.  57.  67.  62.  58.  64.  40.  59.  60.  80.  55.
  60.  66.  63.  63.  58.  58.  51.  58.  64.  54.  50.  63.  43.  59.  60.
  56.  54.  67.  62.  63.  49.  63.  75.  57.  64.  62.  58.  64.  62.  67.
  63.  54.  65.  66.  67.  49.  56.  63.  63.  61.  66.  57.  72.  61.  62.
  45.  63.  70.  64.  64.  64.  50.  68.  71.  63.  68.  57.  50.  60.  57.
  72.  60.  59.  81.  72.  52.  61.  42.  65.  70.  71.  59.  63.  61.  57.
  49.  53.  66.  75.  62.  59.  55.  66.  60.  70.  65.  52.  63.  40.  66.
  48.  59.  61.  61.  70.  56.  67.  72.  60.  63.  61.  57.  58.  53.  57.
  58.  64.  61.  43.  70.  47.  71.  62.  62.  68.  63.  62.  58.  72.  64.
  68.  56.  64.  71.  69.  51.  58.  63.  63.  61.  59.  67.  53.  60.  51.
  62.  62.  55.  52.  57.  61.  52.  60.  52.  61.  50.  76.  59.  58.  55.
  63.  73.  52.  69.  59.  62.  51.  60.  55.  55.  72.  59.  53.  53.  62.
  66.  57.  55.  47.  73.  62.  50.  65.  72.  58.  62.  69.  69.  55.  62.
  65.  55.  63.  56.  66.  60.  61.  52.  55.  49.  47.  64.  73.  56.  69.
  68.  48.  73.  57.  63.  59.  65.  68.  62.  69.  66.  66.  57.  66.  67.
  63.  62.  52.  69.  60.  72.  58.  68.  80.  64.  64.  71.  63.  44.  65.
  58.  59.  55.  69.  57.  62.  64.  69.  71.  54.  64.  60.  64.  64.  65.
  61.  60.  72.  54.  57.  64.  59.  61.  74.  52.  64.  45.  67.  65.  65.
  63.  67.  60.  59.  57.  57.  60.  59.  62.  63.  50.  70.  63.  64.  66.
  53.  65.  47.  70.  67.  59.  49.  57.  62.  55.  65.  55.  71.  70.  70.
  61.  60.  67.  71.  55.  68.  62.  66.  66.  63.  62.  54.  58.  72.  61.
  66.  50.  65.  62.  65.  58.  59.  68.  64.  67.  67.  71.  66.  60.  64.
  54.  66.  66.  72.  55.  57.  54.  54.  52.  63.  63.  61.  66.  68.  46.
  49.  60.  69.  61.  64.  69.  60.  55.  54.  48.  66.  56.  56.  70.  71.
  77.  51.  65.  59.  67.  60.  52.  62.  60.  64.  55.  59.  65.  47.  63.
  58.  58.  41.  67.  57.  69.  66.  65.  71.  61.  49.  71.  72.  58.  58.
  61.  72.  67.  58.  62.]