[  0.  13.   8.  14.  11.  12.  11.  10.  13.  12.  13.  14.  13.   6.  17.
  18.  17.  19.  22.  21.  13.  11.  25.  17.  31.  21.  16.  18.  22.  28.
  24.  29.  38.  26.  23.  35.  26.  26.  38.  27.  31.  28.  29.  32.  28.
  27.  17.  27.  21.  40.  39.  34.  30.  25.  39.  46.  33.  38.  23.  24.
  25.  38.  36.  20.  36.  29.  42.  37.  42.  43.  29.  30.  24.  24.  31.
  37.  44.  35.  39.  29.  32.  34.  31.  35.  36.  34.  16.  31.  31.  35.
  40.  42.  40.  47.  28.  27.  36.  56.  35.  47.  51.  47.  43.  13.  20.
  28.  31.  34.  43.  27.  17.  34.  37.  37.  32.  31.  39.  44.  41.  28.
  40.  28.  41.  33.  34.  35.  36.  30.  37.  50.  23.  22.  42.  38.  39.
  21.  40.  33.  44.  29.  38.  32.  31.  44.  32.  35.  29.  29.  43.  35.
  35.  41.  52.  39.  41.]