[  0.  13.  13.  22.  25.  24.  18.  12.  21.  19.  20.  26.  23.  18.  18.
  21.  35.  27.  47.  31.  23.  21.  42.  25.  34.  50.  56.  61.  54.  66.
  54.  55.  64.  51.  56.  71.  57.  63.  68.  61.  73.  66.  62.  63.  67.
  52.  63.  60.  61.  56.  52.  66.  59.  65.  66.  63.  59.  62.  61.  62.
  51.  68.  71.  59.  65.  57.  64.  61.  65.  60.  62.  53.  60.  55.  59.
  63.  62.  46.  61.  59.  63.  50.  60.  60.  60.  55.  61.  57.  58.  58.
  69.  71.  65.  76.  62.  56.  46.  74.  56.  69.  64.  66.  60.  54.  66.
  59.  67.  67.  62.  69.  55.  67.  49.  70.  60.  66.  52.  55.  55.  56.
  66.  58.  72.  60.  61.  59.  57.  65.  52.  67.  40.  56.  50.  67.  56.
  55.  62.  59.  51.  54.  63.  45.  66.  55.  42.  61.  64.  43.  73.  48.
  50.  54.  59.  56.  65.  51.  58.  62.  49.  68.  54.  54.  55.  66.  63.
  67.  55.  60.  50.  60.  56.  58.  61.  63.  59.  60.  58.  58.  53.  59.
  48.  62.  67.  68.  63.  67.  60.  69.  67.  57.  75.  59.  56.  51.  50.
  61.  59.  63.  79.  69.  44.  59.  37.  54.  67.  68.  61.  64.  58.  56.
  49.  61.  78.  79.  68.  71.  53.  67.  57.  62.  69.  62.  63.  43.  62.
  62.  43.  46.  57.  63.  70.  56.  67.  70.  67.  53.  47.  57.  61.  57.
  60.  63.  67.  38.  69.  48.  58.  51.  61.  65.  57.  68.  59.  73.  60.
  65.  66.  54.  69.  54.  57.  59.  62.  59.  57.  51.  56.  48.  59.  55.
  51.  66.  51.  54.  58.  60.  56.  63.  45.  56.  55.  75.  57.  59.  50.
  63.  60.  52.  64.  63.  66.  65.  62.  58.  48.  68.  60.  52.  66.  58.
  59.  58.  46.  50.  65.  59.  56.  63.  65.  57.  60.  64.  59.  48.  57.
  61.  66.  55.  50.  73.  58.  62.  53.  61.  49.  51.  63.  80.  61.  73.
  68.  57.  67.  57.  65.  57.  69.  71.  62.  73.  60.  69.  54.  58.  67.
  57.  60.  60.  65.  51.  61.  70.  63.  67.  59.  69.  66.  60.  47.  60.
  69.  63.  57.  61.  53.  60.  50.  68.  66.  57.  68.  61.  63.  62.  56.
  63.  60.  67.  58.  56.  62.  67.  54.  64.  57.  66.  56.  74.  56.  70.
  67.  74.  64.  64.  64.  57.  62.  61.  65.  60.  59.  66.  69.  70.  57.
  58.  60.  52.  63.  60.  60.  61.  57.  72.  59.  57.  52.  69.  62.  63.
  62.  69.  55.  64.  61.  63.  61.  60.  66.  62.  58.  67.  53.  70.  56.
  69.  52.  63.  64.  60.  61.  49.  62.  65.  65.  56.  77.  59.  66.  63.
  59.  68.  63.  65.  55.  57.  58.  56.  47.  62.  66.  59.  66.  57.  61.
  50.  67.  65.  63.  59.  62.  65.  61.  52.  56.  59.  58.  57.  74.  62.
  67.  55.  67.  71.  72.  67.  59.  62.  59.  63.  55.  60.  52.  54.  68.
  60.  54.  52.  61.  48.  67.  63.  63.  72.  57.  46.  60.  69.  57.  63.
  59.  73.  58.  64.  65.  71.  76.  49.  57.  59.  57.  64.  47.  50.  69.
  56.  72.  67.  55.  44.  48.  65.  60.  62.  61.  60.  58.  56.  66.  57.
  45.  46.  53.  65.  59.  78.  64.  62.  64.  69.  57.  54.  71.  53.  58.
  63.  57.  67.  53.  68.  59.  47.  56.  48.  69.  46.  72.  72.  62.  61.
  69.  70.  49.  59.  58.  61.  70.  53.  59.  49.  69.  61.  75.  66.  70.
  54.  68.  67.  47.  45.  56.  78.  87.  73.  40.  53.  57.  72.  64.  64.]