[  0.  13.   7.  12.   9.  15.  13.  19.  16.  17.  25.  25.  27.  25.  34.
  48.  53.  46.  66.  54.  47.  57.  50.  54.  53.  50.  59.  51.  53.  48.
  57.  55.  51.  59.  49.  54.  52.  55.  52.  59.  58.  52.  53.  63.  63.
  56.  55.  57.  58.  56.  39.  51.  48.  51.  62.  51.  62.  69.  57.  62.
  56.  46.  67.  52.  63.  55.  62.  58.  48.  54.  53.  53.  61.  52.  42.
  47.  68.  54.  65.  48.  51.  51.  43.  51.  52.  45.  59.  51.  50.  56.
  47.  57.  63.  64.  48.  52.  49.  61.  49.  60.  47.  47.  49.  48.  53.
  51.  49.  63.  58.  60.  59.  52.  62.  53.  55.  64.  54.  64.  44.  60.
  47.  49.  65.  46.  43.  59.  49.  64.  48.  70.  38.  41.  46.  68.  56.
  55.  66.  48.  56.  56.  55.  46.  47.  45.  35.  54.  57.  49.  57.  53.
  51.  50.  50.  59.  56.  48.  49.  54.  37.  47.  51.  51.  46.  58.  63.
  68.  64.  52.  51.  38.  37.  59.  52.  59.  45.  53.  52.  63.  46.  51.
  44.  62.  68.  71.  62.  50.  38.  47.  48.  54.  57.  57.  55.  41.  52.
  57.  61.  58.  59.  62.  44.  47.  36.  52.  56.  60.  53.  53.  53.  34.
  40.  54.  62.  65.  48.  61.  55.  56.  52.  49.  62.  57.  63.  51.  72.
  52.  40.  48.  63.  56.  57.  48.  55.  52.  65.  55.  51.  56.  55.  58.
  51.  52.  58.  42.  58.  49.  49.  40.  55.  45.  56.  64.  58.  57.  56.
  59.  56.  47.  67.  47.  50.  62.  62.  56.  61.  55.  62.  57.  42.  45.
  57.  55.  56.  63.  45.  50.  48.  62.  55.  57.  53.  64.  48.  51.  47.
  48.  52.  45.  64.  51.  55.  56.  56.  47.  51.  58.  64.  55.  56.  52.
  45.  54.  35.  48.  61.  50.  45.  54.  48.  45.  61.  54.  57.  48.  52.
  54.  44.  57.  53.  47.  47.  58.  37.  43.  28.  52.  45.  60.  54.  55.
  56.  39.  51.  51.  52.  48.  50.  61.  49.  55.  52.  49.  54.  55.  56.
  38.  61.  41.  58.  51.  51.  49.  54.  66.  44.  63.  50.  64.  48.  61.
  65.  54.  68.  54.  45.  52.  52.  59.  64.  53.  64.  58.  58.  53.  63.
  62.  56.  53.  44.  51.  46.  48.  55.  55.  52.  65.  47.  55.  49.  63.
  67.  59.  47.  53.  62.  52.  49.  49.  54.  71.  53.  51.  56.  60.  64.
  58.  50.  51.  65.  59.  54.  51.  43.  51.  51.  48.  56.  56.  72.  60.
  61.  56.  51.  57.  58.  54.  52.  55.  50.  48.  46.  41.  56.  54.  42.
  61.  61.  50.  64.  57.  48.  43.  50.  53.  60.  44.  59.  53.  54.  55.
  51.  45.  38.  60.  45.  48.  52.  60.  36.  52.  54.  55.  47.  58.  48.
  44.  64.  65.  54.  49.  45.  57.  53.  51.  51.  43.  62.  49.  53.  51.
  65.  46.  58.  62.  65.  64.  56.  43.  61.  53.  54.  59.  55.  48.  65.
  51.  48.  40.  63.  69.  63.  55.  55.  62.  37.  55.  60.  58.  49.  60.
  59.  63.  50.  59.  55.  61.  69.  47.  58.  65.  57.  60.  38.  47.  57.]