[  0.  13.   8.  14.  25.  23.  13.  29.  21.  30.  25.  19.  14.  14.  19.
  20.  29.  23.  44.  47.  51.  67.  65.  64.  53.  57.  62.  58.  52.  66.
  59.  63.  70.  57.  53.  68.  60.  66.  66.  68.  59.  62.  64.  70.  63.
  48.  72.  62.  48.  63.  51.  57.  58.  62.  55.  65.  71.  67.  48.  63.
  71.  72.  80.  55.  63.  55.  63.  60.  65.  61.  68.  55.  68.  43.  56.
  56.  72.  41.  54.  64.  63.  68.  57.  58.  64.  56.  63.  64.  65.  61.
  62.  77.  69.  64.  39.  51.  58.  78.  59.  75.  74.  43.  68.  50.  53.
  61.  58.  63.  58.  64.  58.  67.  64.  68.  67.  68.  57.  52.  58.  64.
  55.  61.  77.  58.  64.  53.  63.  52.  46.  72.  32.  63.  51.  62.  52.
  62.  61.  62.  59.  56.  61.  49.  60.  58.  48.  64.  67.  44.  65.  49.
  65.  62.  60.  59.  62.  49.  66.  64.  53.  62.  64.  63.  53.  70.  60.
  66.  69.  67.  55.  60.  57.  60.  53.  60.  59.  65.  64.  68.  57.  63.
  50.  64.  65.  71.  60.  66.  60.  67.  75.  60.  64.  65.  59.  58.  65.
  74.  68.  68.  68.  57.  46.  56.  44.  57.  68.  65.  62.  66.  61.  60.
  55.  56.  60.  70.  63.  60.  54.  79.  57.  72.  69.  61.  74.  41.  63.
  50.  51.  52.  58.  62.  60.  63.  67.  73.  67.  64.  62.  63.  61.  65.
  61.  67.  71.  43.  65.  55.  64.  55.  50.  63.  50.  66.  60.  67.  66.
  64.  63.  54.  71.  57.  66.  64.  68.  66.  67.  64.  59.  62.  61.  53.
  49.  62.  61.  66.  55.  59.  49.  59.  51.  59.  57.  79.  58.  59.  64.
  70.  68.  63.  68.  62.  66.  57.  58.  56.  66.  72.  56.  59.  52.  59.
  57.  54.  42.  56.  68.  54.  56.  56.  53.  57.  56.  60.  59.  49.  46.
  53.  65.  53.  64.  66.  54.  63.  49.  59.  45.  45.  54.  75.  55.  67.
  62.  48.  67.  60.  64.  65.  59.  70.  57.  62.  65.  65.  62.  63.  58.
  55.  61.  40.  64.  51.  67.  69.  58.  70.  59.  57.  62.  69.  53.  63.
  60.  68.  59.  64.  53.  59.  55.  63.  63.  63.  59.  62.  64.  54.  49.
  53.  62.  68.  42.  52.  65.  61.  54.  67.  59.  65.  47.  69.  59.  66.
  66.  61.  55.  59.  65.  48.  55.  64.  58.  67.  60.  64.  71.  67.  63.
  57.  71.  58.  61.  62.  59.  53.  37.  62.  59.  58.  57.  68.  65.  67.
  70.  63.  51.  56.  46.  66.  62.  61.  71.  60.  59.  70.  71.  68.  61.
  70.  68.  64.  61.  62.  60.  47.  53.  58.  54.  62.  57.  68.  69.  71.
  65.  61.  60.  68.  65.  58.  49.  59.  47.  59.  56.  61.  71.  65.  56.
  54.  68.  73.  71.  56.  61.  64.  62.  65.  64.  60.  64.  57.  66.  53.
  69.  55.  68.  67.  64.  66.  60.  62.  73.  68.  55.  58.  56.  56.  78.
  52.  58.  52.  55.  53.  75.  63.  59.  60.  62.  52.  53.  71.  54.  76.
  69.  64.  63.  58.  68.  58.  75.  50.  60.  57.  64.  61.  49.  44.  61.
  70.  81.  65.  53.  55.  54.  64.  56.  60.  65.  64.  60.  55.  66.  70.
  56.  59.  52.  64.  60.  71.  63.  53.  60.  65.  52.  51.  70.  59.  67.
  54.  57.  69.  62.  57.  58.  51.  55.  56.  62.  64.  75.  78.  73.  60.
  63.  65.  58.  60.  58.  62.  61.  51.  60.  61.  75.  54.  67.  66.  64.
  60.  60.  66.  54.  72.  61.  74.  77.  70.  38.  46.  59.  56.  52.  68.]