[  0.  13.   8.  14.  11.  12.  11.  10.  13.  12.  13.  14.  13.   6.  17.
  18.  17.  19.  22.  21.  13.  11.  25.  17.  31.  21.  16.  18.  22.  28.
  24.  29.  38.  26.  23.  35.  26.  26.  38.  27.  31.  28.  29.  32.  28.
  27.  17.  27.  21.  40.  39.  34.  30.  25.  39.  46.  33.  38.  23.  24.
  25.  38.  36.  20.  36.  29.  42.  37.  42.  43.  29.  30.  24.  24.  31.
  37.  44.  35.  39.  29.  32.  34.  31.  35.  36.  34.  16.  31.  31.  35.
  40.  42.  40.  47.  28.  27.  36.  56.  35.  47.  51.  47.  43.  13.  20.
  28.  31.  34.  43.  27.  17.  34.  37.  37.  32.  31.  39.  44.  41.  28.
  40.  28.  41.  33.  34.  35.  36.  30.  37.  50.  23.  22.  42.  38.  39.
  21.  40.  33.  44.  29.  38.  32.  31.  44.  32.  35.  29.  29.  43.  35.
  35.  41.  52.  39.  41.  42.  42.  32.  35.  29.  33.  31.  36.  28.  34.
  32.  35.  42.  31.  30.  39.  22.  30.  33.  39.  45.  27.  44.  26.  33.
  31.  41.  38.  38.  45.  39.  24.  34.  37.  24.  38.  45.  38.  27.  37.
  31.  33.  22.  36.  42.  30.  44.  32.  29.  38.  44.  29.  23.  41.  37.
  34.  35.  50.  45.  38.  38.  30.  36.  48.  39.  42.  37.  40.  39.  35.
  35.  32.  28.  33.  35.  37.  36.  31.  42.  36.  43.  32.  35.  25.  46.
  46.  30.  36.  27.  39.  24.  39.  27.  26.  31.  45.  40.  36.  42.  40.
  21.  31.  43.  42.  39.  41.  36.  57.  42.  46.  27.  45.  32.  38.  25.
  31.  31.  36.  30.  41.  51.  39.  48.  36.  23.  42.  28.  32.  32.  35.
  39.  39.  24.  40.  23.  32.  35.  36.  28.  39.  41.  29.  36.  31.  28.
  36.  19.  26.  28.  52.  25.  23.  40.  34.  30.  40.  41.  43.  30.  32.
  34.  40.  29.  29.  39.  39.  43.  30.  25.  21.  35.  35.  37.  48.  34.
  40.  24.  37.  40.  47.  46.  46.  49.  43.  25.  27.  31.  41.  37.  36.
  32.  27.  20.  40.  34.  36.  30.  31.  46.  37.  28.  30.  38.  30.  45.
  25.  33.  30.  26.  32.  36.  32.  26.  30.  22.  21.  38.  28.  42.  30.
  44.  33.  41.  31.  28.  38.  42.  29.  44.]