[  0.  13.  13.  13.  10.   9.  10.   9.  13.   7.  14.  15.  19.  10.   9.
   9.  12.  23.  35.  28.  24.  21.  33.  35.  28.  30.  26.  32.  26.  32.
  38.  35.  34.  29.  39.  45.  48.  29.  36.  32.  41.  47.  53.  29.  32.
  37.  23.  43.  36.  35.  37.  38.  36.  39.  44.  45.  46.  47.  36.  54.
  42.  31.  43.  39.  44.  29.  66.  56.  52.  44.  34.  33.  55.  41.  32.
  42.  56.  38.  37.  33.  46.  45.  34.  44.  35.  28.  28.  38.  33.  33.
  40.  50.  55.  66.  44.  37.  42.  66.  44.  53.  51.  43.  40.  26.  35.
  50.  40.  55.  61.  48.  37.  50.  53.  44.  37.  45.  46.  45.  36.  44.
  42.  47.  52.  52.  45.  39.  38.  32.  27.  50.  26.  36.  36.  48.  46.
  51.  37.  33.  44.  28.  34.  38.  36.  44.  31.  34.  41.  22.  53.  47.
  35.  45.  36.  30.  54.  40.  41.  40.  26.  36.  43.  42.  38.  48.  48.
  42.  47.  48.  41.  42.  28.  53.  42.  49.  43.  29.  38.  47.  39.  37.
  42.  45.  54.  46.  49.  47.  39.  49.  48.  40.  42.  43.  36.  40.  37.
  44.  53.  48.  52.  63.  31.  42.  42.  40.  38.  46.  38.  46.  48.  46.
  34.  45.  48.  36.  37.  49.  38.  52.  45.  44.  48.  41.  34.  35.  48.
  43.  30.  45.  36.  37.  44.  29.  28.  62.  53.  57.  48.  45.  38.  42.
  42.  37.  56.  24.  51.  32.  46.  35.  31.  37.  43.  51.  52.  40.  32.
  47.  39.  38.  55.  43.  35.  40.  43.  47.  50.  39.  49.  39.  45.  41.
  46.  42.  39.  39.  48.  61.  52.  36.  48.  48.  25.  45.  38.  48.  46.
  48.  43.  43.  51.  45.  42.  41.  37.  44.  43.  63.  53.  42.  35.  49.
  38.  45.  29.  33.  48.  35.  35.  33.  36.  27.  49.  45.  58.  40.  36.
  44.  40.  44.  44.  41.  45.  37.  32.  36.  34.  30.  51.  45.  48.  52.
  45.  34.  36.  42.  36.  41.  45.  53.  36.  35.  40.  54.  34.  41.  50.
  35.  37.  29.  29.  38.  35.  41.  33.  30.  43.  41.  35.  45.  30.  49.
  34.  52.  48.  36.  42.  41.  44.  44.  41.  42.  39.  47.  43.  38.  35.
  57.  30.  59.  43.  39.  50.  53.  41.  42.  37.  56.  45.  43.  32.  54.
  47.  48.  47.  39.  29.  41.  44.  51.  41.  45.  44.  47.  46.  42.  50.
  36.  51.  37.  35.  42.  57.  45.  36.  45.  34.  40.  37.  43.  42.  35.
  41.  45.  37.  29.  33.  51.  43.  34.  43.  45.  38.  43.  42.  47.  49.
  49.  50.  40.  52.  52.  46.  38.  43.  37.  37.  42.  42.  50.  41.  55.
  30.  52.  34.  44.  47.  47.  41.  48.  40.  35.  31.  42.  52.  49.  25.
  34.  39.  45.  44.  40.  31.  44.  38.  43.  40.  34.  41.  47.  44.  41.
  52.  25.  42.  41.  45.  43.  33.  35.  50.  53.  44.  43.  36.  33.  45.
  42.  36.  24.  38.  44.  53.  45.  41.  59.  38.  32.  42.  52.  46.  48.
  29.  49.  39.  35.  51.  54.  60.  41.  47.  39.  42.  57.  32.  43.  48.
  44.  42.  38.  37.  44.  42.  46.  51.  34.  45.  45.  45.  43.  52.  49.
  32.  34.  38.  46.  48.  51.  41.  45.  38.  46.  29.  36.  45.  51.  43.
  49.  36.  54.  49.  44.  52.  43.  48.  36.  49.  50.  53.  53.  38.  37.
  51.  54.  39.  38.  51.  50.  43.  30.  49.  38.  56.  36.  54.  58.  39.
  42.  46.  38.  54.  30.  52.  51.  65.  49.  27.  36.  60.  34.  43.  56.]