[  0.  13.  12.  13.  10.  13.  11.  15.  13.   7.  13.  19.  28.  20.  20.
  26.  46.  41.  52.  49.  39.  37.  45.  44.  51.  41.  48.  46.  56.  58.
  48.  52.  48.  53.  36.  52.  50.  54.  54.  46.  60.  56.  48.  58.  47.
  44.  52.  50.  48.  47.  44.  46.  37.  39.  47.  40.  41.  62.  30.  65.
  51.  57.  54.  41.  53.  54.  54.  54.  42.  49.  50.  49.  54.  54.  49.
  48.  60.  27.  39.  43.  58.  51.  42.  42.  45.  50.  52.  43.  48.  41.
  41.  54.  54.  50.  47.  43.  43.  69.  37.  59.  46.  39.  59.  38.  53.
  50.  53.  49.  53.  47.  53.  57.  51.  49.  43.  59.  56.  53.  47.  48.
  38.  38.  51.  38.  40.  42.  41.  44.  50.  59.  43.  49.  53.  64.  46.
  32.  53.  53.  46.  37.  45.  34.  48.  45.  41.  39.  43.  33.  57.  37.
  46.  44.  52.  50.  53.  55.  61.  62.  46.  46.  43.  50.  46.  61.  52.
  44.  58.  53.  48.  47.  35.  55.  46.  50.  51.  52.  35.  49.  47.  51.
  47.  39.  61.  63.  51.  52.  44.  58.  56.  55.  51.  47.  57.  43.  60.
  37.  64.  50.  52.  59.  31.  54.  37.  33.  59.  53.  50.  44.  51.  42.
  47.  48.  64.  46.  51.  56.  51.  66.  49.  54.  51.  38.  48.  29.  54.
  46.  33.  47.  41.  41.  46.  52.  51.  60.  59.  61.  41.  47.  49.  50.
  56.  39.  53.  44.  57.  39.  52.  42.  42.  51.  46.  54.  52.  49.  49.
  43.  55.  50.  51.  42.  49.  53.  46.  44.  52.  42.  45.  45.  47.  44.
  45.  55.  49.  48.  48.  50.  37.  49.  49.  49.  45.  63.  51.  52.  47.
  43.  43.  44.  48.  39.  48.  54.  46.  42.  55.  53.  55.  40.  45.  57.
  53.  42.  30.  34.  58.  43.  35.  52.  58.  45.  41.  43.  49.  45.  42.
  40.  39.  50.  53.  55.  45.  48.  45.  52.  34.  38.  37.  53.  60.  44.
  48.  42.  47.  43.  52.  46.  51.  52.  39.  45.  47.  53.  53.  46.  51.
  39.  41.  38.  45.  37.  48.  48.  48.  56.  50.  38.  50.  61.  36.  50.
  51.  51.  45.  57.  55.  59.  51.  58.  53.  59.  54.  47.  57.  63.  48.
  47.  45.  45.  40.  52.  55.  48.  41.  53.  41.  46.  50.  56.  47.  45.
  56.  46.  44.  52.  46.  41.  35.  48.  36.  51.  57.  54.  55.  57.  50.
  51.  56.  47.  53.  47.  60.  64.  36.  45.  38.  31.  47.  43.  60.  59.
  57.  59.  52.  57.  44.  42.  46.  44.  55.  31.  39.  37.  47.  58.  55.
  58.  49.  53.  49.  43.  42.  40.  55.  46.  55.  45.  58.  53.  57.  49.
  52.  42.  42.  47.  53.  54.  55.  59.  39.  53.  40.  47.  59.  48.  36.
  36.  37.  64.  53.  50.  46.  50.  52.  46.  42.  35.  37.  38.  64.  48.
  59.  45.  60.  44.  52.  56.  42.  43.  54.  51.  44.  49.  33.  46.  42.
  37.  29.  41.  50.  45.  57.  56.  45.  54.  36.  42.  46.  57.  43.  55.
  45.  52.  41.  53.  62.  52.  66.  40.  44.  39.  49.  46.  49.  45.  55.
  50.  56.  53.  54.  49.  50.  45.  53.  47.  49.  50.  53.  48.  56.  52.
  39.  40.  44.  50.  58.  57.  48.  45.  44.  52.  28.  35.  55.  48.  44.
  53.  48.  57.  48.  53.  57.  38.  50.  46.  45.  47.  47.  56.  50.  42.
  48.  48.  44.  43.  50.  49.  52.  36.  50.  45.  61.  50.  47.  60.  71.
  60.  61.  45.  50.  46.  45.  58.  57.  56.  21.  53.  59.  58.  49.  51.]