[  0.  13.   9.  12.   5.  10.  12.  18.  10.  13.  13.  13.  17.   6.  14.
  15.  19.  16.  21.  13.  12.  16.  29.  21.  29.  18.  23.  12.  26.  26.
  23.  23.  18.  28.  28.  29.  28.  30.  38.  20.  27.  24.  24.  22.  26.
  30.  23.  32.  37.  32.  30.  36.  28.  15.  33.  19.  31.  30.  22.  31.
  21.  26.  30.  15.  34.  38.  50.  36.  40.  31.  33.  30.  40.  26.  23.
  41.  36.  34.  31.  29.  30.  39.  38.  32.  27.  33.  22.  26.  26.  22.
  37.  32.  38.  35.  26.  41.  37.  43.  29.  36.  30.  37.  39.  26.  18.
  27.  32.  38.  29.  41.  35.  26.  33.  33.  30.  38.  36.  42.  37.  30.
  28.  19.  31.  23.  37.  28.  29.  31.  27.  47.  22.  28.  22.  35.  32.
  24.  35.  22.  27.  28.  37.  30.  26.  37.  25.  24.  29.  24.  29.  25.
  32.  28.  37.  37.  36.  34.  22.  35.  29.  30.  37.  17.  20.  37.  26.
  39.  38.  41.  34.  23.  26.  33.  21.  32.  34.  16.  22.  30.  29.  36.
  30.  35.  38.  28.  28.  39.  29.  24.  33.  25.  35.  32.  33.  26.  21.
  28.  39.  25.  32.  35.  20.  34.  26.  28.  33.  30.  39.  22.  23.  37.
  26.  40.  46.  40.  36.  35.  39.  41.  40.  29.  22.  33.  43.  25.  34.
  39.  21.  24.  25.  28.  18.  34.  33.  43.  41.  31.  22.  33.  24.  20.
  34.  26.  23.  29.  27.  16.  16.  31.  37.  32.  34.  24.  42.  33.  32.
  50.  38.  26.  31.  32.  41.  38.  42.  37.  33.  37.  37.  22.  36.  25.
  41.  35.  28.  40.  40.  39.  45.  29.  30.  35.  39.  34.  36.  34.  25.
  38.  29.  30.  28.  39.  36.  19.  26.  28.  30.  39.  40.  37.  25.  31.
  30.  28.  37.  23.  41.  29.  36.  47.  39.  25.  29.  33.  36.  32.  19.
  36.  28.  21.  26.  32.  39.  33.  27.  19.  24.  13.  28.  24.  36.  37.
  38.  26.  27.  23.  39.  30.  32.  54.  31.  30.  28.  17.  39.  35.  28.
  33.  34.  24.  33.  19.  33.  30.  19.  29.  18.  18.  17.  42.  33.  31.
  25.  31.  35.  27.  27.  30.  33.  23.  24.  27.  25.  34.  34.  42.  27.
  45.  39.  38.  23.  24.  34.  32.  22.  26.  21.  40.  33.  42.  20.  24.
  34.  37.  41.  31.  23.  27.  30.  38.  25.  37.  26.  27.  40.  30.  45.
  22.  34.  29.  34.  32.  25.  39.  30.  25.  36.  25.  24.  37.  36.  40.
  30.  37.  19.  30.  24.  41.  33.  24.  29.  34.  15.  34.  39.  40.  42.
  31.  37.  35.  31.  27.  31.  32.  35.  39.  35.  46.  40.  44.  30.  42.
  31.  32.  34.  41.  35.  37.  31.  37.  21.  32.  42.  38.  34.  39.  31.
  22.  39.  37.  29.  23.  41.  31.  39.  37.  33.  34.  20.  13.  47.  31.
  36.  20.  32.  38.  32.  27.  22.  26.  25.  27.  24.  39.  38.  33.  36.
  27.  28.  28.  30.  33.  42.  43.  29.  37.  20.  30.  32.  35.  26.  35.
  20.  39.  28.  36.  28.  30.  44.  36.  30.  41.  39.  42.  33.  37.  38.
  35.  32.  41.  28.  28.  29.  33.  27.  30.  32.  39.  33.  30.  28.  38.
  21.  25.  25.  30.  35.  37.  34.  42.  37.  33.  30.  15.  28.  38.  27.
  29.  22.  24.  33.  30.  34.  37.  33.  34.  34.  19.  38.  42.  39.  35.
  34.  32.  25.  23.  26.  33.  28.  29.  26.  44.  33.  40.  29.  35.  38.
  43.  39.  19.  36.  32.  36.  43.  46.  40.  10.  19.  47.  25.  29.  25.]