0.000000000000000000e+00 0.000000000000000000e+00 0.000000000000000000e+00
0.000000000000000000e+00 1.000000000000000000e+00 2.815734301296081710e-01
0.000000000000000000e+00 2.000000000000000000e+00 0.000000000000000000e+00
0.000000000000000000e+00 3.000000000000000000e+00 0.000000000000000000e+00
0.000000000000000000e+00 4.000000000000000000e+00 2.830547521749550710e-01
0.000000000000000000e+00 5.000000000000000000e+00 0.000000000000000000e+00
0.000000000000000000e+00 6.000000000000000000e+00 0.000000000000000000e+00
0.000000000000000000e+00 7.000000000000000000e+00 0.000000000000000000e+00
0.000000000000000000e+00 8.000000000000000000e+00 0.000000000000000000e+00
0.000000000000000000e+00 9.000000000000000000e+00 0.000000000000000000e+00
0.000000000000000000e+00 1.000000000000000000e+01 0.000000000000000000e+00
0.000000000000000000e+00 1.100000000000000000e+01 0.000000000000000000e+00
0.000000000000000000e+00 1.200000000000000000e+01 0.000000000000000000e+00
0.000000000000000000e+00 1.300000000000000000e+01 0.000000000000000000e+00
0.000000000000000000e+00 1.400000000000000000e+01 0.000000000000000000e+00
0.000000000000000000e+00 1.500000000000000000e+01 0.000000000000000000e+00
1.000000000000000000e+00 0.000000000000000000e+00 3.752166560376849480e-01
1.000000000000000000e+00 1.000000000000000000e+00 0.000000000000000000e+00
1.000000000000000000e+00 2.000000000000000000e+00 3.557844016011872390e-01
1.000000000000000000e+00 3.000000000000000000e+00 0.000000000000000000e+00
1.000000000000000000e+00 4.000000000000000000e+00 0.000000000000000000e+00
1.000000000000000000e+00 5.000000000000000000e+00 2.626136146394744131e-01
1.000000000000000000e+00 6.000000000000000000e+00 0.000000000000000000e+00
1.000000000000000000e+00 7.000000000000000000e+00 0.000000000000000000e+00
1.000000000000000000e+00 8.000000000000000000e+00 0.000000000000000000e+00
1.000000000000000000e+00 9.000000000000000000e+00 0.000000000000000000e+00
1.000000000000000000e+00 1.000000000000000000e+01 0.000000000000000000e+00
1.000000000000000000e+00 1.100000000000000000e+01 0.000000000000000000e+00
1.000000000000000000e+00 1.200000000000000000e+01 0.000000000000000000e+00
1.000000000000000000e+00 1.300000000000000000e+01 0.000000000000000000e+00
1.000000000000000000e+00 1.400000000000000000e+01 0.000000000000000000e+00
1.000000000000000000e+00 1.500000000000000000e+01 0.000000000000000000e+00
2.000000000000000000e+00 0.000000000000000000e+00 0.000000000000000000e+00
2.000000000000000000e+00 1.000000000000000000e+00 3.324616546317299415e-01
2.000000000000000000e+00 2.000000000000000000e+00 0.000000000000000000e+00
2.000000000000000000e+00 3.000000000000000000e+00 2.349893055114824492e-01
2.000000000000000000e+00 4.000000000000000000e+00 0.000000000000000000e+00
2.000000000000000000e+00 5.000000000000000000e+00 0.000000000000000000e+00
2.000000000000000000e+00 6.000000000000000000e+00 2.638964725749447515e-01
2.000000000000000000e+00 7.000000000000000000e+00 0.000000000000000000e+00
2.000000000000000000e+00 8.000000000000000000e+00 0.000000000000000000e+00
2.000000000000000000e+00 9.000000000000000000e+00 0.000000000000000000e+00
2.000000000000000000e+00 1.000000000000000000e+01 0.000000000000000000e+00
2.000000000000000000e+00 1.100000000000000000e+01 0.000000000000000000e+00
2.000000000000000000e+00 1.200000000000000000e+01 0.000000000000000000e+00
2.000000000000000000e+00 1.300000000000000000e+01 0.000000000000000000e+00
2.000000000000000000e+00 1.400000000000000000e+01 0.000000000000000000e+00
2.000000000000000000e+00 1.500000000000000000e+01 0.000000000000000000e+00
3.000000000000000000e+00 0.000000000000000000e+00 0.000000000000000000e+00
3.000000000000000000e+00 1.000000000000000000e+00 0.000000000000000000e+00
3.000000000000000000e+00 2.000000000000000000e+00 3.869626406692264209e-01
3.000000000000000000e+00 3.000000000000000000e+00 0.000000000000000000e+00
3.000000000000000000e+00 4.000000000000000000e+00 0.000000000000000000e+00
3.000000000000000000e+00 5.000000000000000000e+00 0.000000000000000000e+00
3.000000000000000000e+00 6.000000000000000000e+00 0.000000000000000000e+00
3.000000000000000000e+00 7.000000000000000000e+00 3.559439424360620885e-01
3.000000000000000000e+00 8.000000000000000000e+00 0.000000000000000000e+00
3.000000000000000000e+00 9.000000000000000000e+00 0.000000000000000000e+00
3.000000000000000000e+00 1.000000000000000000e+01 0.000000000000000000e+00
3.000000000000000000e+00 1.100000000000000000e+01 0.000000000000000000e+00
3.000000000000000000e+00 1.200000000000000000e+01 0.000000000000000000e+00
3.000000000000000000e+00 1.300000000000000000e+01 0.000000000000000000e+00
3.000000000000000000e+00 1.400000000000000000e+01 0.000000000000000000e+00
3.000000000000000000e+00 1.500000000000000000e+01 0.000000000000000000e+00
4.000000000000000000e+00 0.000000000000000000e+00 3.286400809471894946e-01
4.000000000000000000e+00 1.000000000000000000e+00 0.000000000000000000e+00
4.000000000000000000e+00 2.000000000000000000e+00 0.000000000000000000e+00
4.000000000000000000e+00 3.000000000000000000e+00 0.000000000000000000e+00
4.000000000000000000e+00 4.000000000000000000e+00 0.000000000000000000e+00
4.000000000000000000e+00 5.000000000000000000e+00 3.615853018113918682e-01
4.000000000000000000e+00 6.000000000000000000e+00 0.000000000000000000e+00
4.000000000000000000e+00 7.000000000000000000e+00 0.000000000000000000e+00
4.000000000000000000e+00 8.000000000000000000e+00 2.629672766205060075e-01
4.000000000000000000e+00 9.000000000000000000e+00 0.000000000000000000e+00
4.000000000000000000e+00 1.000000000000000000e+01 0.000000000000000000e+00
4.000000000000000000e+00 1.100000000000000000e+01 0.000000000000000000e+00
4.000000000000000000e+00 1.200000000000000000e+01 0.000000000000000000e+00
4.000000000000000000e+00 1.300000000000000000e+01 0.000000000000000000e+00
4.000000000000000000e+00 1.400000000000000000e+01 0.000000000000000000e+00
4.000000000000000000e+00 1.500000000000000000e+01 0.000000000000000000e+00
5.000000000000000000e+00 0.000000000000000000e+00 0.000000000000000000e+00
5.000000000000000000e+00 1.000000000000000000e+00 3.586523941210684185e-01
5.000000000000000000e+00 2.000000000000000000e+00 0.000000000000000000e+00
5.000000000000000000e+00 3.000000000000000000e+00 0.000000000000000000e+00
5.000000000000000000e+00 4.000000000000000000e+00 2.324349113824694113e-01
5.000000000000000000e+00 5.000000000000000000e+00 0.000000000000000000e+00
5.000000000000000000e+00 6.000000000000000000e+00 2.921644997113548303e-01
5.000000000000000000e+00 7.000000000000000000e+00 0.000000000000000000e+00
5.000000000000000000e+00 8.000000000000000000e+00 0.000000000000000000e+00
5.000000000000000000e+00 9.000000000000000000e+00 3.790621429844919787e-01
5.000000000000000000e+00 1.000000000000000000e+01 0.000000000000000000e+00
5.000000000000000000e+00 1.100000000000000000e+01 0.000000000000000000e+00
5.000000000000000000e+00 1.200000000000000000e+01 0.000000000000000000e+00
5.000000000000000000e+00 1.300000000000000000e+01 0.000000000000000000e+00
5.000000000000000000e+00 1.400000000000000000e+01 0.000000000000000000e+00
5.000000000000000000e+00 1.500000000000000000e+01 0.000000000000000000e+00
6.000000000000000000e+00 0.000000000000000000e+00 0.000000000000000000e+00
6.000000000000000000e+00 1.000000000000000000e+00 0.000000000000000000e+00
6.000000000000000000e+00 2.000000000000000000e+00 2.350450700652284841e-01
6.000000000000000000e+00 3.000000000000000000e+00 0.000000000000000000e+00
6.000000000000000000e+00 4.000000000000000000e+00 0.000000000000000000e+00
6.000000000000000000e+00 5.000000000000000000e+00 2.980772833410484379e-01
6.000000000000000000e+00 6.000000000000000000e+00 0.000000000000000000e+00
6.000000000000000000e+00 7.000000000000000000e+00 2.296232465593913141e-01
6.000000000000000000e+00 8.000000000000000000e+00 0.000000000000000000e+00
6.000000000000000000e+00 9.000000000000000000e+00 0.000000000000000000e+00
6.000000000000000000e+00 1.000000000000000000e+01 3.907286874209444649e-01
6.000000000000000000e+00 1.100000000000000000e+01 0.000000000000000000e+00
6.000000000000000000e+00 1.200000000000000000e+01 0.000000000000000000e+00
6.000000000000000000e+00 1.300000000000000000e+01 0.000000000000000000e+00
6.000000000000000000e+00 1.400000000000000000e+01 0.000000000000000000e+00
6.000000000000000000e+00 1.500000000000000000e+01 0.000000000000000000e+00
7.000000000000000000e+00 0.000000000000000000e+00 0.000000000000000000e+00
7.000000000000000000e+00 1.000000000000000000e+00 0.000000000000000000e+00
7.000000000000000000e+00 2.000000000000000000e+00 0.000000000000000000e+00
7.000000000000000000e+00 3.000000000000000000e+00 3.681616022982228675e-01
7.000000000000000000e+00 4.000000000000000000e+00 0.000000000000000000e+00
7.000000000000000000e+00 5.000000000000000000e+00 0.000000000000000000e+00
7.000000000000000000e+00 6.000000000000000000e+00 3.764145972502559445e-01
7.000000000000000000e+00 7.000000000000000000e+00 0.000000000000000000e+00
7.000000000000000000e+00 8.000000000000000000e+00 0.000000000000000000e+00
7.000000000000000000e+00 9.000000000000000000e+00 0.000000000000000000e+00
7.000000000000000000e+00 1.000000000000000000e+01 0.000000000000000000e+00
7.000000000000000000e+00 1.100000000000000000e+01 3.328586935608019992e-01
7.000000000000000000e+00 1.200000000000000000e+01 0.000000000000000000e+00
7.000000000000000000e+00 1.300000000000000000e+01 0.000000000000000000e+00
7.000000000000000000e+00 1.400000000000000000e+01 0.000000000000000000e+00
7.000000000000000000e+00 1.500000000000000000e+01 0.000000000000000000e+00
8.000000000000000000e+00 0.000000000000000000e+00 0.000000000000000000e+00
8.000000000000000000e+00 1.000000000000000000e+00 0.000000000000000000e+00
8.000000000000000000e+00 2.000000000000000000e+00 0.000000000000000000e+00
8.000000000000000000e+00 3.000000000000000000e+00 0.000000000000000000e+00
8.000000000000000000e+00 4.000000000000000000e+00 3.550065127777650154e-01
8.000000000000000000e+00 5.000000000000000000e+00 0.000000000000000000e+00
8.000000000000000000e+00 6.000000000000000000e+00 0.000000000000000000e+00
8.000000000000000000e+00 7.000000000000000000e+00 0.000000000000000000e+00
8.000000000000000000e+00 8.000000000000000000e+00 0.000000000000000000e+00
8.000000000000000000e+00 9.000000000000000000e+00 2.849435233421738212e-01
8.000000000000000000e+00 1.000000000000000000e+01 0.000000000000000000e+00
8.000000000000000000e+00 1.100000000000000000e+01 0.000000000000000000e+00
8.000000000000000000e+00 1.200000000000000000e+01 2.485952677585396842e-01
8.000000000000000000e+00 1.300000000000000000e+01 0.000000000000000000e+00
8.000000000000000000e+00 1.400000000000000000e+01 0.000000000000000000e+00
8.000000000000000000e+00 1.500000000000000000e+01 0.000000000000000000e+00
9.000000000000000000e+00 0.000000000000000000e+00 0.000000000000000000e+00
9.000000000000000000e+00 1.000000000000000000e+00 0.000000000000000000e+00
9.000000000000000000e+00 2.000000000000000000e+00 0.000000000000000000e+00
9.000000000000000000e+00 3.000000000000000000e+00 0.000000000000000000e+00
9.000000000000000000e+00 4.000000000000000000e+00 0.000000000000000000e+00
9.000000000000000000e+00 5.000000000000000000e+00 3.377408583493900496e-01
9.000000000000000000e+00 6.000000000000000000e+00 0.000000000000000000e+00
9.000000000000000000e+00 7.000000000000000000e+00 0.000000000000000000e+00
9.000000000000000000e+00 8.000000000000000000e+00 2.649966022059319082e-01
9.000000000000000000e+00 9.000000000000000000e+00 0.000000000000000000e+00
9.000000000000000000e+00 1.000000000000000000e+01 3.950985072781436624e-01
9.000000000000000000e+00 1.100000000000000000e+01 0.000000000000000000e+00
9.000000000000000000e+00 1.200000000000000000e+01 0.000000000000000000e+00
9.000000000000000000e+00 1.300000000000000000e+01 2.683987922550334360e-01
9.000000000000000000e+00 1.400000000000000000e+01 0.000000000000000000e+00
9.000000000000000000e+00 1.500000000000000000e+01 0.000000000000000000e+00
1.000000000000000000e+01 0.000000000000000000e+00 0.000000000000000000e+00
1.000000000000000000e+01 1.000000000000000000e+00 0.000000000000000000e+00
1.000000000000000000e+01 2.000000000000000000e+00 0.000000000000000000e+00
1.000000000000000000e+01 3.000000000000000000e+00 0.000000000000000000e+00
1.000000000000000000e+01 4.000000000000000000e+00 0.000000000000000000e+00
1.000000000000000000e+01 5.000000000000000000e+00 0.000000000000000000e+00
1.000000000000000000e+01 6.000000000000000000e+00 3.897412412179961372e-01
1.000000000000000000e+01 7.000000000000000000e+00 0.000000000000000000e+00
1.000000000000000000e+01 8.000000000000000000e+00 0.000000000000000000e+00
1.000000000000000000e+01 9.000000000000000000e+00 3.927997605125023162e-01
1.000000000000000000e+01 1.000000000000000000e+01 0.000000000000000000e+00
1.000000000000000000e+01 1.100000000000000000e+01 2.131005749932154414e-01
1.000000000000000000e+01 1.200000000000000000e+01 0.000000000000000000e+00
1.000000000000000000e+01 1.300000000000000000e+01 0.000000000000000000e+00
1.000000000000000000e+01 1.400000000000000000e+01 3.904056078499368310e-01
1.000000000000000000e+01 1.500000000000000000e+01 0.000000000000000000e+00
1.100000000000000000e+01 0.000000000000000000e+00 0.000000000000000000e+00
1.100000000000000000e+01 1.000000000000000000e+00 0.000000000000000000e+00
1.100000000000000000e+01 2.000000000000000000e+00 0.000000000000000000e+00
1.100000000000000000e+01 3.000000000000000000e+00 0.000000000000000000e+00
1.100000000000000000e+01 4.000000000000000000e+00 0.000000000000000000e+00
1.100000000000000000e+01 5.000000000000000000e+00 0.000000000000000000e+00
1.100000000000000000e+01 6.000000000000000000e+00 0.000000000000000000e+00
1.100000000000000000e+01 7.000000000000000000e+00 2.868141579192626245e-01
1.100000000000000000e+01 8.000000000000000000e+00 0.000000000000000000e+00
1.100000000000000000e+01 9.000000000000000000e+00 0.000000000000000000e+00
1.100000000000000000e+01 1.000000000000000000e+01 3.354010719943522623e-01
1.100000000000000000e+01 1.100000000000000000e+01 0.000000000000000000e+00
1.100000000000000000e+01 1.200000000000000000e+01 0.000000000000000000e+00
1.100000000000000000e+01 1.300000000000000000e+01 0.000000000000000000e+00
1.100000000000000000e+01 1.400000000000000000e+01 0.000000000000000000e+00
1.100000000000000000e+01 1.500000000000000000e+01 3.441778214076676168e-01
1.200000000000000000e+01 0.000000000000000000e+00 0.000000000000000000e+00
1.200000000000000000e+01 1.000000000000000000e+00 0.000000000000000000e+00
1.200000000000000000e+01 2.000000000000000000e+00 0.000000000000000000e+00
1.200000000000000000e+01 3.000000000000000000e+00 0.000000000000000000e+00
1.200000000000000000e+01 4.000000000000000000e+00 0.000000000000000000e+00
1.200000000000000000e+01 5.000000000000000000e+00 0.000000000000000000e+00
1.200000000000000000e+01 6.000000000000000000e+00 0.000000000000000000e+00
1.200000000000000000e+01 7.000000000000000000e+00 0.000000000000000000e+00
1.200000000000000000e+01 8.000000000000000000e+00 3.467395630994952183e-01
1.200000000000000000e+01 9.000000000000000000e+00 0.000000000000000000e+00
1.200000000000000000e+01 1.000000000000000000e+01 0.000000000000000000e+00
1.200000000000000000e+01 1.100000000000000000e+01 0.000000000000000000e+00
1.200000000000000000e+01 1.200000000000000000e+01 0.000000000000000000e+00
1.200000000000000000e+01 1.300000000000000000e+01 3.637290952950147371e-01
1.200000000000000000e+01 1.400000000000000000e+01 0.000000000000000000e+00
1.200000000000000000e+01 1.500000000000000000e+01 0.000000000000000000e+00
1.300000000000000000e+01 0.000000000000000000e+00 0.000000000000000000e+00
1.300000000000000000e+01 1.000000000000000000e+00 0.000000000000000000e+00
1.300000000000000000e+01 2.000000000000000000e+00 0.000000000000000000e+00
1.300000000000000000e+01 3.000000000000000000e+00 0.000000000000000000e+00
1.300000000000000000e+01 4.000000000000000000e+00 0.000000000000000000e+00
1.300000000000000000e+01 5.000000000000000000e+00 0.000000000000000000e+00
1.300000000000000000e+01 6.000000000000000000e+00 0.000000000000000000e+00
1.300000000000000000e+01 7.000000000000000000e+00 0.000000000000000000e+00
1.300000000000000000e+01 8.000000000000000000e+00 0.000000000000000000e+00
1.300000000000000000e+01 9.000000000000000000e+00 2.913321590134753669e-01
1.300000000000000000e+01 1.000000000000000000e+01 0.000000000000000000e+00
1.300000000000000000e+01 1.100000000000000000e+01 0.000000000000000000e+00
1.300000000000000000e+01 1.200000000000000000e+01 2.219029513265393661e-01
1.300000000000000000e+01 1.300000000000000000e+01 0.000000000000000000e+00
1.300000000000000000e+01 1.400000000000000000e+01 2.852396081655711457e-01
1.300000000000000000e+01 1.500000000000000000e+01 0.000000000000000000e+00
1.400000000000000000e+01 0.000000000000000000e+00 0.000000000000000000e+00
1.400000000000000000e+01 1.000000000000000000e+00 0.000000000000000000e+00
1.400000000000000000e+01 2.000000000000000000e+00 0.000000000000000000e+00
1.400000000000000000e+01 3.000000000000000000e+00 0.000000000000000000e+00
1.400000000000000000e+01 4.000000000000000000e+00 0.000000000000000000e+00
1.400000000000000000e+01 5.000000000000000000e+00 0.000000000000000000e+00
1.400000000000000000e+01 6.000000000000000000e+00 0.000000000000000000e+00
1.400000000000000000e+01 7.000000000000000000e+00 0.000000000000000000e+00
1.400000000000000000e+01 8.000000000000000000e+00 0.000000000000000000e+00
1.400000000000000000e+01 9.000000000000000000e+00 0.000000000000000000e+00
1.400000000000000000e+01 1.000000000000000000e+01 2.113562029474127524e-01
1.400000000000000000e+01 1.100000000000000000e+01 0.000000000000000000e+00
1.400000000000000000e+01 1.200000000000000000e+01 0.000000000000000000e+00
1.400000000000000000e+01 1.300000000000000000e+01 3.927936787257829687e-01
1.400000000000000000e+01 1.400000000000000000e+01 0.000000000000000000e+00
1.400000000000000000e+01 1.500000000000000000e+01 2.384477975656481008e-01
1.500000000000000000e+01 0.000000000000000000e+00 0.000000000000000000e+00
1.500000000000000000e+01 1.000000000000000000e+00 0.000000000000000000e+00
1.500000000000000000e+01 2.000000000000000000e+00 0.000000000000000000e+00
1.500000000000000000e+01 3.000000000000000000e+00 0.000000000000000000e+00
1.500000000000000000e+01 4.000000000000000000e+00 0.000000000000000000e+00
1.500000000000000000e+01 5.000000000000000000e+00 0.000000000000000000e+00
1.500000000000000000e+01 6.000000000000000000e+00 0.000000000000000000e+00
1.500000000000000000e+01 7.000000000000000000e+00 0.000000000000000000e+00
1.500000000000000000e+01 8.000000000000000000e+00 0.000000000000000000e+00
1.500000000000000000e+01 9.000000000000000000e+00 0.000000000000000000e+00
1.500000000000000000e+01 1.000000000000000000e+01 0.000000000000000000e+00
1.500000000000000000e+01 1.100000000000000000e+01 3.748781714351107075e-01
1.500000000000000000e+01 1.200000000000000000e+01 0.000000000000000000e+00
1.500000000000000000e+01 1.300000000000000000e+01 0.000000000000000000e+00
1.500000000000000000e+01 1.400000000000000000e+01 3.763050740252925075e-01
1.500000000000000000e+01 1.500000000000000000e+01 0.000000000000000000e+00
