0.000000000000000000e+00 0.000000000000000000e+00 0.000000000000000000e+00
0.000000000000000000e+00 1.000000000000000000e+00 2.964346864493139777e-01
0.000000000000000000e+00 2.000000000000000000e+00 2.065385509753074056e-01
0.000000000000000000e+00 3.000000000000000000e+00 0.000000000000000000e+00
1.000000000000000000e+00 0.000000000000000000e+00 2.897798360901361892e-01
1.000000000000000000e+00 1.000000000000000000e+00 0.000000000000000000e+00
1.000000000000000000e+00 2.000000000000000000e+00 0.000000000000000000e+00
1.000000000000000000e+00 3.000000000000000000e+00 2.922090435950687182e-01
2.000000000000000000e+00 0.000000000000000000e+00 3.464996175888628849e-01
2.000000000000000000e+00 1.000000000000000000e+00 0.000000000000000000e+00
2.000000000000000000e+00 2.000000000000000000e+00 0.000000000000000000e+00
2.000000000000000000e+00 3.000000000000000000e+00 2.967508855080768226e-01
3.000000000000000000e+00 0.000000000000000000e+00 0.000000000000000000e+00
3.000000000000000000e+00 1.000000000000000000e+00 3.642954929631788130e-01
3.000000000000000000e+00 2.000000000000000000e+00 3.547239918332801278e-01
3.000000000000000000e+00 3.000000000000000000e+00 0.000000000000000000e+00
