0.000000000000000000e+00 0.000000000000000000e+00 0.000000000000000000e+00
0.000000000000000000e+00 1.000000000000000000e+00 9.429120333522493513e-02
0.000000000000000000e+00 2.000000000000000000e+00 0.000000000000000000e+00
0.000000000000000000e+00 3.000000000000000000e+00 0.000000000000000000e+00
0.000000000000000000e+00 4.000000000000000000e+00 0.000000000000000000e+00
0.000000000000000000e+00 5.000000000000000000e+00 0.000000000000000000e+00
0.000000000000000000e+00 6.000000000000000000e+00 1.659282975434943630e-01
0.000000000000000000e+00 7.000000000000000000e+00 0.000000000000000000e+00
0.000000000000000000e+00 8.000000000000000000e+00 0.000000000000000000e+00
0.000000000000000000e+00 9.000000000000000000e+00 0.000000000000000000e+00
0.000000000000000000e+00 1.000000000000000000e+01 0.000000000000000000e+00
0.000000000000000000e+00 1.100000000000000000e+01 0.000000000000000000e+00
0.000000000000000000e+00 1.200000000000000000e+01 0.000000000000000000e+00
0.000000000000000000e+00 1.300000000000000000e+01 0.000000000000000000e+00
0.000000000000000000e+00 1.400000000000000000e+01 0.000000000000000000e+00
0.000000000000000000e+00 1.500000000000000000e+01 0.000000000000000000e+00
0.000000000000000000e+00 1.600000000000000000e+01 0.000000000000000000e+00
0.000000000000000000e+00 1.700000000000000000e+01 0.000000000000000000e+00
0.000000000000000000e+00 1.800000000000000000e+01 0.000000000000000000e+00
0.000000000000000000e+00 1.900000000000000000e+01 0.000000000000000000e+00
0.000000000000000000e+00 2.000000000000000000e+01 0.000000000000000000e+00
0.000000000000000000e+00 2.100000000000000000e+01 0.000000000000000000e+00
0.000000000000000000e+00 2.200000000000000000e+01 0.000000000000000000e+00
0.000000000000000000e+00 2.300000000000000000e+01 0.000000000000000000e+00
0.000000000000000000e+00 2.400000000000000000e+01 0.000000000000000000e+00
0.000000000000000000e+00 2.500000000000000000e+01 0.000000000000000000e+00
0.000000000000000000e+00 2.600000000000000000e+01 0.000000000000000000e+00
0.000000000000000000e+00 2.700000000000000000e+01 0.000000000000000000e+00
0.000000000000000000e+00 2.800000000000000000e+01 0.000000000000000000e+00
0.000000000000000000e+00 2.900000000000000000e+01 0.000000000000000000e+00
0.000000000000000000e+00 3.000000000000000000e+01 0.000000000000000000e+00
0.000000000000000000e+00 3.100000000000000000e+01 0.000000000000000000e+00
0.000000000000000000e+00 3.200000000000000000e+01 0.000000000000000000e+00
0.000000000000000000e+00 3.300000000000000000e+01 0.000000000000000000e+00
0.000000000000000000e+00 3.400000000000000000e+01 0.000000000000000000e+00
0.000000000000000000e+00 3.500000000000000000e+01 0.000000000000000000e+00
1.000000000000000000e+00 0.000000000000000000e+00 7.082666661101238992e-02
1.000000000000000000e+00 1.000000000000000000e+00 0.000000000000000000e+00
1.000000000000000000e+00 2.000000000000000000e+00 2.193130957774142298e-01
1.000000000000000000e+00 3.000000000000000000e+00 0.000000000000000000e+00
1.000000000000000000e+00 4.000000000000000000e+00 0.000000000000000000e+00
1.000000000000000000e+00 5.000000000000000000e+00 0.000000000000000000e+00
1.000000000000000000e+00 6.000000000000000000e+00 0.000000000000000000e+00
1.000000000000000000e+00 7.000000000000000000e+00 2.607557655277561448e-01
1.000000000000000000e+00 8.000000000000000000e+00 0.000000000000000000e+00
1.000000000000000000e+00 9.000000000000000000e+00 0.000000000000000000e+00
1.000000000000000000e+00 1.000000000000000000e+01 0.000000000000000000e+00
1.000000000000000000e+00 1.100000000000000000e+01 0.000000000000000000e+00
1.000000000000000000e+00 1.200000000000000000e+01 0.000000000000000000e+00
1.000000000000000000e+00 1.300000000000000000e+01 0.000000000000000000e+00
1.000000000000000000e+00 1.400000000000000000e+01 0.000000000000000000e+00
1.000000000000000000e+00 1.500000000000000000e+01 0.000000000000000000e+00
1.000000000000000000e+00 1.600000000000000000e+01 0.000000000000000000e+00
1.000000000000000000e+00 1.700000000000000000e+01 0.000000000000000000e+00
1.000000000000000000e+00 1.800000000000000000e+01 0.000000000000000000e+00
1.000000000000000000e+00 1.900000000000000000e+01 0.000000000000000000e+00
1.000000000000000000e+00 2.000000000000000000e+01 0.000000000000000000e+00
1.000000000000000000e+00 2.100000000000000000e+01 0.000000000000000000e+00
1.000000000000000000e+00 2.200000000000000000e+01 0.000000000000000000e+00
1.000000000000000000e+00 2.300000000000000000e+01 0.000000000000000000e+00
1.000000000000000000e+00 2.400000000000000000e+01 0.000000000000000000e+00
1.000000000000000000e+00 2.500000000000000000e+01 0.000000000000000000e+00
1.000000000000000000e+00 2.600000000000000000e+01 0.000000000000000000e+00
1.000000000000000000e+00 2.700000000000000000e+01 0.000000000000000000e+00
1.000000000000000000e+00 2.800000000000000000e+01 0.000000000000000000e+00
1.000000000000000000e+00 2.900000000000000000e+01 0.000000000000000000e+00
1.000000000000000000e+00 3.000000000000000000e+01 0.000000000000000000e+00
1.000000000000000000e+00 3.100000000000000000e+01 0.000000000000000000e+00
1.000000000000000000e+00 3.200000000000000000e+01 0.000000000000000000e+00
1.000000000000000000e+00 3.300000000000000000e+01 0.000000000000000000e+00
1.000000000000000000e+00 3.400000000000000000e+01 0.000000000000000000e+00
1.000000000000000000e+00 3.500000000000000000e+01 0.000000000000000000e+00
2.000000000000000000e+00 0.000000000000000000e+00 0.000000000000000000e+00
2.000000000000000000e+00 1.000000000000000000e+00 5.114967731511005367e-02
2.000000000000000000e+00 2.000000000000000000e+00 0.000000000000000000e+00
2.000000000000000000e+00 3.000000000000000000e+00 1.507878421994792439e-01
2.000000000000000000e+00 4.000000000000000000e+00 0.000000000000000000e+00
2.000000000000000000e+00 5.000000000000000000e+00 0.000000000000000000e+00
2.000000000000000000e+00 6.000000000000000000e+00 0.000000000000000000e+00
2.000000000000000000e+00 7.000000000000000000e+00 0.000000000000000000e+00
2.000000000000000000e+00 8.000000000000000000e+00 1.642835228230885292e-01
2.000000000000000000e+00 9.000000000000000000e+00 0.000000000000000000e+00
2.000000000000000000e+00 1.000000000000000000e+01 0.000000000000000000e+00
2.000000000000000000e+00 1.100000000000000000e+01 0.000000000000000000e+00
2.000000000000000000e+00 1.200000000000000000e+01 0.000000000000000000e+00
2.000000000000000000e+00 1.300000000000000000e+01 0.000000000000000000e+00
2.000000000000000000e+00 1.400000000000000000e+01 0.000000000000000000e+00
2.000000000000000000e+00 1.500000000000000000e+01 0.000000000000000000e+00
2.000000000000000000e+00 1.600000000000000000e+01 0.000000000000000000e+00
2.000000000000000000e+00 1.700000000000000000e+01 0.000000000000000000e+00
2.000000000000000000e+00 1.800000000000000000e+01 0.000000000000000000e+00
2.000000000000000000e+00 1.900000000000000000e+01 0.000000000000000000e+00
2.000000000000000000e+00 2.000000000000000000e+01 0.000000000000000000e+00
2.000000000000000000e+00 2.100000000000000000e+01 0.000000000000000000e+00
2.000000000000000000e+00 2.200000000000000000e+01 0.000000000000000000e+00
2.000000000000000000e+00 2.300000000000000000e+01 0.000000000000000000e+00
2.000000000000000000e+00 2.400000000000000000e+01 0.000000000000000000e+00
2.000000000000000000e+00 2.500000000000000000e+01 0.000000000000000000e+00
2.000000000000000000e+00 2.600000000000000000e+01 0.000000000000000000e+00
2.000000000000000000e+00 2.700000000000000000e+01 0.000000000000000000e+00
2.000000000000000000e+00 2.800000000000000000e+01 0.000000000000000000e+00
2.000000000000000000e+00 2.900000000000000000e+01 0.000000000000000000e+00
2.000000000000000000e+00 3.000000000000000000e+01 0.000000000000000000e+00
2.000000000000000000e+00 3.100000000000000000e+01 0.000000000000000000e+00
2.000000000000000000e+00 3.200000000000000000e+01 0.000000000000000000e+00
2.000000000000000000e+00 3.300000000000000000e+01 0.000000000000000000e+00
2.000000000000000000e+00 3.400000000000000000e+01 0.000000000000000000e+00
2.000000000000000000e+00 3.500000000000000000e+01 0.000000000000000000e+00
3.000000000000000000e+00 0.000000000000000000e+00 0.000000000000000000e+00
3.000000000000000000e+00 1.000000000000000000e+00 0.000000000000000000e+00
3.000000000000000000e+00 2.000000000000000000e+00 1.034749717286959636e-01
3.000000000000000000e+00 3.000000000000000000e+00 0.000000000000000000e+00
3.000000000000000000e+00 4.000000000000000000e+00 2.272086295038618087e-01
3.000000000000000000e+00 5.000000000000000000e+00 0.000000000000000000e+00
3.000000000000000000e+00 6.000000000000000000e+00 0.000000000000000000e+00
3.000000000000000000e+00 7.000000000000000000e+00 0.000000000000000000e+00
3.000000000000000000e+00 8.000000000000000000e+00 0.000000000000000000e+00
3.000000000000000000e+00 9.000000000000000000e+00 4.045077698781029962e-02
3.000000000000000000e+00 1.000000000000000000e+01 0.000000000000000000e+00
3.000000000000000000e+00 1.100000000000000000e+01 0.000000000000000000e+00
3.000000000000000000e+00 1.200000000000000000e+01 0.000000000000000000e+00
3.000000000000000000e+00 1.300000000000000000e+01 0.000000000000000000e+00
3.000000000000000000e+00 1.400000000000000000e+01 0.000000000000000000e+00
3.000000000000000000e+00 1.500000000000000000e+01 0.000000000000000000e+00
3.000000000000000000e+00 1.600000000000000000e+01 0.000000000000000000e+00
3.000000000000000000e+00 1.700000000000000000e+01 0.000000000000000000e+00
3.000000000000000000e+00 1.800000000000000000e+01 0.000000000000000000e+00
3.000000000000000000e+00 1.900000000000000000e+01 0.000000000000000000e+00
3.000000000000000000e+00 2.000000000000000000e+01 0.000000000000000000e+00
3.000000000000000000e+00 2.100000000000000000e+01 0.000000000000000000e+00
3.000000000000000000e+00 2.200000000000000000e+01 0.000000000000000000e+00
3.000000000000000000e+00 2.300000000000000000e+01 0.000000000000000000e+00
3.000000000000000000e+00 2.400000000000000000e+01 0.000000000000000000e+00
3.000000000000000000e+00 2.500000000000000000e+01 0.000000000000000000e+00
3.000000000000000000e+00 2.600000000000000000e+01 0.000000000000000000e+00
3.000000000000000000e+00 2.700000000000000000e+01 0.000000000000000000e+00
3.000000000000000000e+00 2.800000000000000000e+01 0.000000000000000000e+00
3.000000000000000000e+00 2.900000000000000000e+01 0.000000000000000000e+00
3.000000000000000000e+00 3.000000000000000000e+01 0.000000000000000000e+00
3.000000000000000000e+00 3.100000000000000000e+01 0.000000000000000000e+00
3.000000000000000000e+00 3.200000000000000000e+01 0.000000000000000000e+00
3.000000000000000000e+00 3.300000000000000000e+01 0.000000000000000000e+00
3.000000000000000000e+00 3.400000000000000000e+01 0.000000000000000000e+00
3.000000000000000000e+00 3.500000000000000000e+01 0.000000000000000000e+00
4.000000000000000000e+00 0.000000000000000000e+00 0.000000000000000000e+00
4.000000000000000000e+00 1.000000000000000000e+00 0.000000000000000000e+00
4.000000000000000000e+00 2.000000000000000000e+00 0.000000000000000000e+00
4.000000000000000000e+00 3.000000000000000000e+00 2.744082560010242533e-01
4.000000000000000000e+00 4.000000000000000000e+00 0.000000000000000000e+00
4.000000000000000000e+00 5.000000000000000000e+00 3.753606054790265684e-02
4.000000000000000000e+00 6.000000000000000000e+00 0.000000000000000000e+00
4.000000000000000000e+00 7.000000000000000000e+00 0.000000000000000000e+00
4.000000000000000000e+00 8.000000000000000000e+00 0.000000000000000000e+00
4.000000000000000000e+00 9.000000000000000000e+00 0.000000000000000000e+00
4.000000000000000000e+00 1.000000000000000000e+01 4.727164538040721370e-02
4.000000000000000000e+00 1.100000000000000000e+01 0.000000000000000000e+00
4.000000000000000000e+00 1.200000000000000000e+01 0.000000000000000000e+00
4.000000000000000000e+00 1.300000000000000000e+01 0.000000000000000000e+00
4.000000000000000000e+00 1.400000000000000000e+01 0.000000000000000000e+00
4.000000000000000000e+00 1.500000000000000000e+01 0.000000000000000000e+00
4.000000000000000000e+00 1.600000000000000000e+01 0.000000000000000000e+00
4.000000000000000000e+00 1.700000000000000000e+01 0.000000000000000000e+00
4.000000000000000000e+00 1.800000000000000000e+01 0.000000000000000000e+00
4.000000000000000000e+00 1.900000000000000000e+01 0.000000000000000000e+00
4.000000000000000000e+00 2.000000000000000000e+01 0.000000000000000000e+00
4.000000000000000000e+00 2.100000000000000000e+01 0.000000000000000000e+00
4.000000000000000000e+00 2.200000000000000000e+01 0.000000000000000000e+00
4.000000000000000000e+00 2.300000000000000000e+01 0.000000000000000000e+00
4.000000000000000000e+00 2.400000000000000000e+01 0.000000000000000000e+00
4.000000000000000000e+00 2.500000000000000000e+01 0.000000000000000000e+00
4.000000000000000000e+00 2.600000000000000000e+01 0.000000000000000000e+00
4.000000000000000000e+00 2.700000000000000000e+01 0.000000000000000000e+00
4.000000000000000000e+00 2.800000000000000000e+01 0.000000000000000000e+00
4.000000000000000000e+00 2.900000000000000000e+01 0.000000000000000000e+00
4.000000000000000000e+00 3.000000000000000000e+01 0.000000000000000000e+00
4.000000000000000000e+00 3.100000000000000000e+01 0.000000000000000000e+00
4.000000000000000000e+00 3.200000000000000000e+01 0.000000000000000000e+00
4.000000000000000000e+00 3.300000000000000000e+01 0.000000000000000000e+00
4.000000000000000000e+00 3.400000000000000000e+01 0.000000000000000000e+00
4.000000000000000000e+00 3.500000000000000000e+01 0.000000000000000000e+00
5.000000000000000000e+00 0.000000000000000000e+00 0.000000000000000000e+00
5.000000000000000000e+00 1.000000000000000000e+00 0.000000000000000000e+00
5.000000000000000000e+00 2.000000000000000000e+00 0.000000000000000000e+00
5.000000000000000000e+00 3.000000000000000000e+00 0.000000000000000000e+00
5.000000000000000000e+00 4.000000000000000000e+00 1.530337103396762488e-01
5.000000000000000000e+00 5.000000000000000000e+00 0.000000000000000000e+00
5.000000000000000000e+00 6.000000000000000000e+00 0.000000000000000000e+00
5.000000000000000000e+00 7.000000000000000000e+00 0.000000000000000000e+00
5.000000000000000000e+00 8.000000000000000000e+00 0.000000000000000000e+00
5.000000000000000000e+00 9.000000000000000000e+00 0.000000000000000000e+00
5.000000000000000000e+00 1.000000000000000000e+01 0.000000000000000000e+00
5.000000000000000000e+00 1.100000000000000000e+01 2.394932522841908273e-02
5.000000000000000000e+00 1.200000000000000000e+01 0.000000000000000000e+00
5.000000000000000000e+00 1.300000000000000000e+01 0.000000000000000000e+00
5.000000000000000000e+00 1.400000000000000000e+01 0.000000000000000000e+00
5.000000000000000000e+00 1.500000000000000000e+01 0.000000000000000000e+00
5.000000000000000000e+00 1.600000000000000000e+01 0.000000000000000000e+00
5.000000000000000000e+00 1.700000000000000000e+01 0.000000000000000000e+00
5.000000000000000000e+00 1.800000000000000000e+01 0.000000000000000000e+00
5.000000000000000000e+00 1.900000000000000000e+01 0.000000000000000000e+00
5.000000000000000000e+00 2.000000000000000000e+01 0.000000000000000000e+00
5.000000000000000000e+00 2.100000000000000000e+01 0.000000000000000000e+00
5.000000000000000000e+00 2.200000000000000000e+01 0.000000000000000000e+00
5.000000000000000000e+00 2.300000000000000000e+01 0.000000000000000000e+00
5.000000000000000000e+00 2.400000000000000000e+01 0.000000000000000000e+00
5.000000000000000000e+00 2.500000000000000000e+01 0.000000000000000000e+00
5.000000000000000000e+00 2.600000000000000000e+01 0.000000000000000000e+00
5.000000000000000000e+00 2.700000000000000000e+01 0.000000000000000000e+00
5.000000000000000000e+00 2.800000000000000000e+01 0.000000000000000000e+00
5.000000000000000000e+00 2.900000000000000000e+01 0.000000000000000000e+00
5.000000000000000000e+00 3.000000000000000000e+01 0.000000000000000000e+00
5.000000000000000000e+00 3.100000000000000000e+01 0.000000000000000000e+00
5.000000000000000000e+00 3.200000000000000000e+01 0.000000000000000000e+00
5.000000000000000000e+00 3.300000000000000000e+01 0.000000000000000000e+00
5.000000000000000000e+00 3.400000000000000000e+01 0.000000000000000000e+00
5.000000000000000000e+00 3.500000000000000000e+01 0.000000000000000000e+00
6.000000000000000000e+00 0.000000000000000000e+00 2.576621477556604312e-01
6.000000000000000000e+00 1.000000000000000000e+00 0.000000000000000000e+00
6.000000000000000000e+00 2.000000000000000000e+00 0.000000000000000000e+00
6.000000000000000000e+00 3.000000000000000000e+00 0.000000000000000000e+00
6.000000000000000000e+00 4.000000000000000000e+00 0.000000000000000000e+00
6.000000000000000000e+00 5.000000000000000000e+00 0.000000000000000000e+00
6.000000000000000000e+00 6.000000000000000000e+00 0.000000000000000000e+00
6.000000000000000000e+00 7.000000000000000000e+00 1.831931464378435404e-01
6.000000000000000000e+00 8.000000000000000000e+00 0.000000000000000000e+00
6.000000000000000000e+00 9.000000000000000000e+00 0.000000000000000000e+00
6.000000000000000000e+00 1.000000000000000000e+01 0.000000000000000000e+00
6.000000000000000000e+00 1.100000000000000000e+01 0.000000000000000000e+00
6.000000000000000000e+00 1.200000000000000000e+01 8.960782314187350217e-02
6.000000000000000000e+00 1.300000000000000000e+01 0.000000000000000000e+00
6.000000000000000000e+00 1.400000000000000000e+01 0.000000000000000000e+00
6.000000000000000000e+00 1.500000000000000000e+01 0.000000000000000000e+00
6.000000000000000000e+00 1.600000000000000000e+01 0.000000000000000000e+00
6.000000000000000000e+00 1.700000000000000000e+01 0.000000000000000000e+00
6.000000000000000000e+00 1.800000000000000000e+01 0.000000000000000000e+00
6.000000000000000000e+00 1.900000000000000000e+01 0.000000000000000000e+00
6.000000000000000000e+00 2.000000000000000000e+01 0.000000000000000000e+00
6.000000000000000000e+00 2.100000000000000000e+01 0.000000000000000000e+00
6.000000000000000000e+00 2.200000000000000000e+01 0.000000000000000000e+00
6.000000000000000000e+00 2.300000000000000000e+01 0.000000000000000000e+00
6.000000000000000000e+00 2.400000000000000000e+01 0.000000000000000000e+00
6.000000000000000000e+00 2.500000000000000000e+01 0.000000000000000000e+00
6.000000000000000000e+00 2.600000000000000000e+01 0.000000000000000000e+00
6.000000000000000000e+00 2.700000000000000000e+01 0.000000000000000000e+00
6.000000000000000000e+00 2.800000000000000000e+01 0.000000000000000000e+00
6.000000000000000000e+00 2.900000000000000000e+01 0.000000000000000000e+00
6.000000000000000000e+00 3.000000000000000000e+01 0.000000000000000000e+00
6.000000000000000000e+00 3.100000000000000000e+01 0.000000000000000000e+00
6.000000000000000000e+00 3.200000000000000000e+01 0.000000000000000000e+00
6.000000000000000000e+00 3.300000000000000000e+01 0.000000000000000000e+00
6.000000000000000000e+00 3.400000000000000000e+01 0.000000000000000000e+00
6.000000000000000000e+00 3.500000000000000000e+01 0.000000000000000000e+00
7.000000000000000000e+00 0.000000000000000000e+00 0.000000000000000000e+00
7.000000000000000000e+00 1.000000000000000000e+00 1.521893492537923775e-01
7.000000000000000000e+00 2.000000000000000000e+00 0.000000000000000000e+00
7.000000000000000000e+00 3.000000000000000000e+00 0.000000000000000000e+00
7.000000000000000000e+00 4.000000000000000000e+00 0.000000000000000000e+00
7.000000000000000000e+00 5.000000000000000000e+00 0.000000000000000000e+00
7.000000000000000000e+00 6.000000000000000000e+00 4.303977774996637501e-02
7.000000000000000000e+00 7.000000000000000000e+00 0.000000000000000000e+00
7.000000000000000000e+00 8.000000000000000000e+00 9.035284539103240198e-02
7.000000000000000000e+00 9.000000000000000000e+00 0.000000000000000000e+00
7.000000000000000000e+00 1.000000000000000000e+01 0.000000000000000000e+00
7.000000000000000000e+00 1.100000000000000000e+01 0.000000000000000000e+00
7.000000000000000000e+00 1.200000000000000000e+01 0.000000000000000000e+00
7.000000000000000000e+00 1.300000000000000000e+01 6.842549636687308978e-02
7.000000000000000000e+00 1.400000000000000000e+01 0.000000000000000000e+00
7.000000000000000000e+00 1.500000000000000000e+01 0.000000000000000000e+00
7.000000000000000000e+00 1.600000000000000000e+01 0.000000000000000000e+00
7.000000000000000000e+00 1.700000000000000000e+01 0.000000000000000000e+00
7.000000000000000000e+00 1.800000000000000000e+01 0.000000000000000000e+00
7.000000000000000000e+00 1.900000000000000000e+01 0.000000000000000000e+00
7.000000000000000000e+00 2.000000000000000000e+01 0.000000000000000000e+00
7.000000000000000000e+00 2.100000000000000000e+01 0.000000000000000000e+00
7.000000000000000000e+00 2.200000000000000000e+01 0.000000000000000000e+00
7.000000000000000000e+00 2.300000000000000000e+01 0.000000000000000000e+00
7.000000000000000000e+00 2.400000000000000000e+01 0.000000000000000000e+00
7.000000000000000000e+00 2.500000000000000000e+01 0.000000000000000000e+00
7.000000000000000000e+00 2.600000000000000000e+01 0.000000000000000000e+00
7.000000000000000000e+00 2.700000000000000000e+01 0.000000000000000000e+00
7.000000000000000000e+00 2.800000000000000000e+01 0.000000000000000000e+00
7.000000000000000000e+00 2.900000000000000000e+01 0.000000000000000000e+00
7.000000000000000000e+00 3.000000000000000000e+01 0.000000000000000000e+00
7.000000000000000000e+00 3.100000000000000000e+01 0.000000000000000000e+00
7.000000000000000000e+00 3.200000000000000000e+01 0.000000000000000000e+00
7.000000000000000000e+00 3.300000000000000000e+01 0.000000000000000000e+00
7.000000000000000000e+00 3.400000000000000000e+01 0.000000000000000000e+00
7.000000000000000000e+00 3.500000000000000000e+01 0.000000000000000000e+00
8.000000000000000000e+00 0.000000000000000000e+00 0.000000000000000000e+00
8.000000000000000000e+00 1.000000000000000000e+00 0.000000000000000000e+00
8.000000000000000000e+00 2.000000000000000000e+00 2.061581790974423012e-01
8.000000000000000000e+00 3.000000000000000000e+00 0.000000000000000000e+00
8.000000000000000000e+00 4.000000000000000000e+00 0.000000000000000000e+00
8.000000000000000000e+00 5.000000000000000000e+00 0.000000000000000000e+00
8.000000000000000000e+00 6.000000000000000000e+00 0.000000000000000000e+00
8.000000000000000000e+00 7.000000000000000000e+00 2.656723929204162782e-01
8.000000000000000000e+00 8.000000000000000000e+00 0.000000000000000000e+00
8.000000000000000000e+00 9.000000000000000000e+00 2.925346706822286036e-01
8.000000000000000000e+00 1.000000000000000000e+01 0.000000000000000000e+00
8.000000000000000000e+00 1.100000000000000000e+01 0.000000000000000000e+00
8.000000000000000000e+00 1.200000000000000000e+01 0.000000000000000000e+00
8.000000000000000000e+00 1.300000000000000000e+01 0.000000000000000000e+00
8.000000000000000000e+00 1.400000000000000000e+01 2.088297535039021768e-01
8.000000000000000000e+00 1.500000000000000000e+01 0.000000000000000000e+00
8.000000000000000000e+00 1.600000000000000000e+01 0.000000000000000000e+00
8.000000000000000000e+00 1.700000000000000000e+01 0.000000000000000000e+00
8.000000000000000000e+00 1.800000000000000000e+01 0.000000000000000000e+00
8.000000000000000000e+00 1.900000000000000000e+01 0.000000000000000000e+00
8.000000000000000000e+00 2.000000000000000000e+01 0.000000000000000000e+00
8.000000000000000000e+00 2.100000000000000000e+01 0.000000000000000000e+00
8.000000000000000000e+00 2.200000000000000000e+01 0.000000000000000000e+00
8.000000000000000000e+00 2.300000000000000000e+01 0.000000000000000000e+00
8.000000000000000000e+00 2.400000000000000000e+01 0.000000000000000000e+00
8.000000000000000000e+00 2.500000000000000000e+01 0.000000000000000000e+00
8.000000000000000000e+00 2.600000000000000000e+01 0.000000000000000000e+00
8.000000000000000000e+00 2.700000000000000000e+01 0.000000000000000000e+00
8.000000000000000000e+00 2.800000000000000000e+01 0.000000000000000000e+00
8.000000000000000000e+00 2.900000000000000000e+01 0.000000000000000000e+00
8.000000000000000000e+00 3.000000000000000000e+01 0.000000000000000000e+00
8.000000000000000000e+00 3.100000000000000000e+01 0.000000000000000000e+00
8.000000000000000000e+00 3.200000000000000000e+01 0.000000000000000000e+00
8.000000000000000000e+00 3.300000000000000000e+01 0.000000000000000000e+00
8.000000000000000000e+00 3.400000000000000000e+01 0.000000000000000000e+00
8.000000000000000000e+00 3.500000000000000000e+01 0.000000000000000000e+00
9.000000000000000000e+00 0.000000000000000000e+00 0.000000000000000000e+00
9.000000000000000000e+00 1.000000000000000000e+00 0.000000000000000000e+00
9.000000000000000000e+00 2.000000000000000000e+00 0.000000000000000000e+00
9.000000000000000000e+00 3.000000000000000000e+00 2.690076903990249457e-01
9.000000000000000000e+00 4.000000000000000000e+00 0.000000000000000000e+00
9.000000000000000000e+00 5.000000000000000000e+00 0.000000000000000000e+00
9.000000000000000000e+00 6.000000000000000000e+00 0.000000000000000000e+00
9.000000000000000000e+00 7.000000000000000000e+00 0.000000000000000000e+00
9.000000000000000000e+00 8.000000000000000000e+00 8.256508516007622644e-02
9.000000000000000000e+00 9.000000000000000000e+00 0.000000000000000000e+00
9.000000000000000000e+00 1.000000000000000000e+01 1.473457904137237262e-01
9.000000000000000000e+00 1.100000000000000000e+01 0.000000000000000000e+00
9.000000000000000000e+00 1.200000000000000000e+01 0.000000000000000000e+00
9.000000000000000000e+00 1.300000000000000000e+01 0.000000000000000000e+00
9.000000000000000000e+00 1.400000000000000000e+01 0.000000000000000000e+00
9.000000000000000000e+00 1.500000000000000000e+01 5.056296860579181235e-02
9.000000000000000000e+00 1.600000000000000000e+01 0.000000000000000000e+00
9.000000000000000000e+00 1.700000000000000000e+01 0.000000000000000000e+00
9.000000000000000000e+00 1.800000000000000000e+01 0.000000000000000000e+00
9.000000000000000000e+00 1.900000000000000000e+01 0.000000000000000000e+00
9.000000000000000000e+00 2.000000000000000000e+01 0.000000000000000000e+00
9.000000000000000000e+00 2.100000000000000000e+01 0.000000000000000000e+00
9.000000000000000000e+00 2.200000000000000000e+01 0.000000000000000000e+00
9.000000000000000000e+00 2.300000000000000000e+01 0.000000000000000000e+00
9.000000000000000000e+00 2.400000000000000000e+01 0.000000000000000000e+00
9.000000000000000000e+00 2.500000000000000000e+01 0.000000000000000000e+00
9.000000000000000000e+00 2.600000000000000000e+01 0.000000000000000000e+00
9.000000000000000000e+00 2.700000000000000000e+01 0.000000000000000000e+00
9.000000000000000000e+00 2.800000000000000000e+01 0.000000000000000000e+00
9.000000000000000000e+00 2.900000000000000000e+01 0.000000000000000000e+00
9.000000000000000000e+00 3.000000000000000000e+01 0.000000000000000000e+00
9.000000000000000000e+00 3.100000000000000000e+01 0.000000000000000000e+00
9.000000000000000000e+00 3.200000000000000000e+01 0.000000000000000000e+00
9.000000000000000000e+00 3.300000000000000000e+01 0.000000000000000000e+00
9.000000000000000000e+00 3.400000000000000000e+01 0.000000000000000000e+00
9.000000000000000000e+00 3.500000000000000000e+01 0.000000000000000000e+00
1.000000000000000000e+01 0.000000000000000000e+00 0.000000000000000000e+00
1.000000000000000000e+01 1.000000000000000000e+00 0.000000000000000000e+00
1.000000000000000000e+01 2.000000000000000000e+00 0.000000000000000000e+00
1.000000000000000000e+01 3.000000000000000000e+00 0.000000000000000000e+00
1.000000000000000000e+01 4.000000000000000000e+00 1.040995963682589537e-01
1.000000000000000000e+01 5.000000000000000000e+00 0.000000000000000000e+00
1.000000000000000000e+01 6.000000000000000000e+00 0.000000000000000000e+00
1.000000000000000000e+01 7.000000000000000000e+00 0.000000000000000000e+00
1.000000000000000000e+01 8.000000000000000000e+00 0.000000000000000000e+00
1.000000000000000000e+01 9.000000000000000000e+00 1.080446465309372744e-01
1.000000000000000000e+01 1.000000000000000000e+01 0.000000000000000000e+00
1.000000000000000000e+01 1.100000000000000000e+01 1.255367266070906707e-01
1.000000000000000000e+01 1.200000000000000000e+01 0.000000000000000000e+00
1.000000000000000000e+01 1.300000000000000000e+01 0.000000000000000000e+00
1.000000000000000000e+01 1.400000000000000000e+01 0.000000000000000000e+00
1.000000000000000000e+01 1.500000000000000000e+01 0.000000000000000000e+00
1.000000000000000000e+01 1.600000000000000000e+01 1.768733278281509891e-01
1.000000000000000000e+01 1.700000000000000000e+01 0.000000000000000000e+00
1.000000000000000000e+01 1.800000000000000000e+01 0.000000000000000000e+00
1.000000000000000000e+01 1.900000000000000000e+01 0.000000000000000000e+00
1.000000000000000000e+01 2.000000000000000000e+01 0.000000000000000000e+00
1.000000000000000000e+01 2.100000000000000000e+01 0.000000000000000000e+00
1.000000000000000000e+01 2.200000000000000000e+01 0.000000000000000000e+00
1.000000000000000000e+01 2.300000000000000000e+01 0.000000000000000000e+00
1.000000000000000000e+01 2.400000000000000000e+01 0.000000000000000000e+00
1.000000000000000000e+01 2.500000000000000000e+01 0.000000000000000000e+00
1.000000000000000000e+01 2.600000000000000000e+01 0.000000000000000000e+00
1.000000000000000000e+01 2.700000000000000000e+01 0.000000000000000000e+00
1.000000000000000000e+01 2.800000000000000000e+01 0.000000000000000000e+00
1.000000000000000000e+01 2.900000000000000000e+01 0.000000000000000000e+00
1.000000000000000000e+01 3.000000000000000000e+01 0.000000000000000000e+00
1.000000000000000000e+01 3.100000000000000000e+01 0.000000000000000000e+00
1.000000000000000000e+01 3.200000000000000000e+01 0.000000000000000000e+00
1.000000000000000000e+01 3.300000000000000000e+01 0.000000000000000000e+00
1.000000000000000000e+01 3.400000000000000000e+01 0.000000000000000000e+00
1.000000000000000000e+01 3.500000000000000000e+01 0.000000000000000000e+00
1.100000000000000000e+01 0.000000000000000000e+00 0.000000000000000000e+00
1.100000000000000000e+01 1.000000000000000000e+00 0.000000000000000000e+00
1.100000000000000000e+01 2.000000000000000000e+00 0.000000000000000000e+00
1.100000000000000000e+01 3.000000000000000000e+00 0.000000000000000000e+00
1.100000000000000000e+01 4.000000000000000000e+00 0.000000000000000000e+00
1.100000000000000000e+01 5.000000000000000000e+00 1.952608396715714012e-01
1.100000000000000000e+01 6.000000000000000000e+00 0.000000000000000000e+00
1.100000000000000000e+01 7.000000000000000000e+00 0.000000000000000000e+00
1.100000000000000000e+01 8.000000000000000000e+00 0.000000000000000000e+00
1.100000000000000000e+01 9.000000000000000000e+00 0.000000000000000000e+00
1.100000000000000000e+01 1.000000000000000000e+01 4.454803214126662469e-02
1.100000000000000000e+01 1.100000000000000000e+01 0.000000000000000000e+00
1.100000000000000000e+01 1.200000000000000000e+01 0.000000000000000000e+00
1.100000000000000000e+01 1.300000000000000000e+01 0.000000000000000000e+00
1.100000000000000000e+01 1.400000000000000000e+01 0.000000000000000000e+00
1.100000000000000000e+01 1.500000000000000000e+01 0.000000000000000000e+00
1.100000000000000000e+01 1.600000000000000000e+01 0.000000000000000000e+00
1.100000000000000000e+01 1.700000000000000000e+01 1.757802622221505684e-01
1.100000000000000000e+01 1.800000000000000000e+01 0.000000000000000000e+00
1.100000000000000000e+01 1.900000000000000000e+01 0.000000000000000000e+00
1.100000000000000000e+01 2.000000000000000000e+01 0.000000000000000000e+00
1.100000000000000000e+01 2.100000000000000000e+01 0.000000000000000000e+00
1.100000000000000000e+01 2.200000000000000000e+01 0.000000000000000000e+00
1.100000000000000000e+01 2.300000000000000000e+01 0.000000000000000000e+00
1.100000000000000000e+01 2.400000000000000000e+01 0.000000000000000000e+00
1.100000000000000000e+01 2.500000000000000000e+01 0.000000000000000000e+00
1.100000000000000000e+01 2.600000000000000000e+01 0.000000000000000000e+00
1.100000000000000000e+01 2.700000000000000000e+01 0.000000000000000000e+00
1.100000000000000000e+01 2.800000000000000000e+01 0.000000000000000000e+00
1.100000000000000000e+01 2.900000000000000000e+01 0.000000000000000000e+00
1.100000000000000000e+01 3.000000000000000000e+01 0.000000000000000000e+00
1.100000000000000000e+01 3.100000000000000000e+01 0.000000000000000000e+00
1.100000000000000000e+01 3.200000000000000000e+01 0.000000000000000000e+00
1.100000000000000000e+01 3.300000000000000000e+01 0.000000000000000000e+00
1.100000000000000000e+01 3.400000000000000000e+01 0.000000000000000000e+00
1.100000000000000000e+01 3.500000000000000000e+01 0.000000000000000000e+00
1.200000000000000000e+01 0.000000000000000000e+00 0.000000000000000000e+00
1.200000000000000000e+01 1.000000000000000000e+00 0.000000000000000000e+00
1.200000000000000000e+01 2.000000000000000000e+00 0.000000000000000000e+00
1.200000000000000000e+01 3.000000000000000000e+00 0.000000000000000000e+00
1.200000000000000000e+01 4.000000000000000000e+00 0.000000000000000000e+00
1.200000000000000000e+01 5.000000000000000000e+00 0.000000000000000000e+00
1.200000000000000000e+01 6.000000000000000000e+00 8.593621927070389799e-02
1.200000000000000000e+01 7.000000000000000000e+00 0.000000000000000000e+00
1.200000000000000000e+01 8.000000000000000000e+00 0.000000000000000000e+00
1.200000000000000000e+01 9.000000000000000000e+00 0.000000000000000000e+00
1.200000000000000000e+01 1.000000000000000000e+01 0.000000000000000000e+00
1.200000000000000000e+01 1.100000000000000000e+01 0.000000000000000000e+00
1.200000000000000000e+01 1.200000000000000000e+01 0.000000000000000000e+00
1.200000000000000000e+01 1.300000000000000000e+01 1.008921497456952282e-01
1.200000000000000000e+01 1.400000000000000000e+01 0.000000000000000000e+00
1.200000000000000000e+01 1.500000000000000000e+01 0.000000000000000000e+00
1.200000000000000000e+01 1.600000000000000000e+01 0.000000000000000000e+00
1.200000000000000000e+01 1.700000000000000000e+01 0.000000000000000000e+00
1.200000000000000000e+01 1.800000000000000000e+01 1.217509562808337560e-02
1.200000000000000000e+01 1.900000000000000000e+01 0.000000000000000000e+00
1.200000000000000000e+01 2.000000000000000000e+01 0.000000000000000000e+00
1.200000000000000000e+01 2.100000000000000000e+01 0.000000000000000000e+00
1.200000000000000000e+01 2.200000000000000000e+01 0.000000000000000000e+00
1.200000000000000000e+01 2.300000000000000000e+01 0.000000000000000000e+00
1.200000000000000000e+01 2.400000000000000000e+01 0.000000000000000000e+00
1.200000000000000000e+01 2.500000000000000000e+01 0.000000000000000000e+00
1.200000000000000000e+01 2.600000000000000000e+01 0.000000000000000000e+00
1.200000000000000000e+01 2.700000000000000000e+01 0.000000000000000000e+00
1.200000000000000000e+01 2.800000000000000000e+01 0.000000000000000000e+00
1.200000000000000000e+01 2.900000000000000000e+01 0.000000000000000000e+00
1.200000000000000000e+01 3.000000000000000000e+01 0.000000000000000000e+00
1.200000000000000000e+01 3.100000000000000000e+01 0.000000000000000000e+00
1.200000000000000000e+01 3.200000000000000000e+01 0.000000000000000000e+00
1.200000000000000000e+01 3.300000000000000000e+01 0.000000000000000000e+00
1.200000000000000000e+01 3.400000000000000000e+01 0.000000000000000000e+00
1.200000000000000000e+01 3.500000000000000000e+01 0.000000000000000000e+00
1.300000000000000000e+01 0.000000000000000000e+00 0.000000000000000000e+00
1.300000000000000000e+01 1.000000000000000000e+00 0.000000000000000000e+00
1.300000000000000000e+01 2.000000000000000000e+00 0.000000000000000000e+00
1.300000000000000000e+01 3.000000000000000000e+00 0.000000000000000000e+00
1.300000000000000000e+01 4.000000000000000000e+00 0.000000000000000000e+00
1.300000000000000000e+01 5.000000000000000000e+00 0.000000000000000000e+00
1.300000000000000000e+01 6.000000000000000000e+00 0.000000000000000000e+00
1.300000000000000000e+01 7.000000000000000000e+00 4.630623623319773952e-02
1.300000000000000000e+01 8.000000000000000000e+00 0.000000000000000000e+00
1.300000000000000000e+01 9.000000000000000000e+00 0.000000000000000000e+00
1.300000000000000000e+01 1.000000000000000000e+01 0.000000000000000000e+00
1.300000000000000000e+01 1.100000000000000000e+01 0.000000000000000000e+00
1.300000000000000000e+01 1.200000000000000000e+01 2.149331353893249308e-01
1.300000000000000000e+01 1.300000000000000000e+01 0.000000000000000000e+00
1.300000000000000000e+01 1.400000000000000000e+01 2.954403349164746451e-01
1.300000000000000000e+01 1.500000000000000000e+01 0.000000000000000000e+00
1.300000000000000000e+01 1.600000000000000000e+01 0.000000000000000000e+00
1.300000000000000000e+01 1.700000000000000000e+01 0.000000000000000000e+00
1.300000000000000000e+01 1.800000000000000000e+01 0.000000000000000000e+00
1.300000000000000000e+01 1.900000000000000000e+01 3.858941187822412938e-02
1.300000000000000000e+01 2.000000000000000000e+01 0.000000000000000000e+00
1.300000000000000000e+01 2.100000000000000000e+01 0.000000000000000000e+00
1.300000000000000000e+01 2.200000000000000000e+01 0.000000000000000000e+00
1.300000000000000000e+01 2.300000000000000000e+01 0.000000000000000000e+00
1.300000000000000000e+01 2.400000000000000000e+01 0.000000000000000000e+00
1.300000000000000000e+01 2.500000000000000000e+01 0.000000000000000000e+00
1.300000000000000000e+01 2.600000000000000000e+01 0.000000000000000000e+00
1.300000000000000000e+01 2.700000000000000000e+01 0.000000000000000000e+00
1.300000000000000000e+01 2.800000000000000000e+01 0.000000000000000000e+00
1.300000000000000000e+01 2.900000000000000000e+01 0.000000000000000000e+00
1.300000000000000000e+01 3.000000000000000000e+01 0.000000000000000000e+00
1.300000000000000000e+01 3.100000000000000000e+01 0.000000000000000000e+00
1.300000000000000000e+01 3.200000000000000000e+01 0.000000000000000000e+00
1.300000000000000000e+01 3.300000000000000000e+01 0.000000000000000000e+00
1.300000000000000000e+01 3.400000000000000000e+01 0.000000000000000000e+00
1.300000000000000000e+01 3.500000000000000000e+01 0.000000000000000000e+00
1.400000000000000000e+01 0.000000000000000000e+00 0.000000000000000000e+00
1.400000000000000000e+01 1.000000000000000000e+00 0.000000000000000000e+00
1.400000000000000000e+01 2.000000000000000000e+00 0.000000000000000000e+00
1.400000000000000000e+01 3.000000000000000000e+00 0.000000000000000000e+00
1.400000000000000000e+01 4.000000000000000000e+00 0.000000000000000000e+00
1.400000000000000000e+01 5.000000000000000000e+00 0.000000000000000000e+00
1.400000000000000000e+01 6.000000000000000000e+00 0.000000000000000000e+00
1.400000000000000000e+01 7.000000000000000000e+00 0.000000000000000000e+00
1.400000000000000000e+01 8.000000000000000000e+00 1.224185365660474534e-01
1.400000000000000000e+01 9.000000000000000000e+00 0.000000000000000000e+00
1.400000000000000000e+01 1.000000000000000000e+01 0.000000000000000000e+00
1.400000000000000000e+01 1.100000000000000000e+01 0.000000000000000000e+00
1.400000000000000000e+01 1.200000000000000000e+01 0.000000000000000000e+00
1.400000000000000000e+01 1.300000000000000000e+01 1.820792847400447556e-01
1.400000000000000000e+01 1.400000000000000000e+01 0.000000000000000000e+00
1.400000000000000000e+01 1.500000000000000000e+01 1.392218081942788177e-01
1.400000000000000000e+01 1.600000000000000000e+01 0.000000000000000000e+00
1.400000000000000000e+01 1.700000000000000000e+01 0.000000000000000000e+00
1.400000000000000000e+01 1.800000000000000000e+01 0.000000000000000000e+00
1.400000000000000000e+01 1.900000000000000000e+01 0.000000000000000000e+00
1.400000000000000000e+01 2.000000000000000000e+01 2.152619459092739718e-01
1.400000000000000000e+01 2.100000000000000000e+01 0.000000000000000000e+00
1.400000000000000000e+01 2.200000000000000000e+01 0.000000000000000000e+00
1.400000000000000000e+01 2.300000000000000000e+01 0.000000000000000000e+00
1.400000000000000000e+01 2.400000000000000000e+01 0.000000000000000000e+00
1.400000000000000000e+01 2.500000000000000000e+01 0.000000000000000000e+00
1.400000000000000000e+01 2.600000000000000000e+01 0.000000000000000000e+00
1.400000000000000000e+01 2.700000000000000000e+01 0.000000000000000000e+00
1.400000000000000000e+01 2.800000000000000000e+01 0.000000000000000000e+00
1.400000000000000000e+01 2.900000000000000000e+01 0.000000000000000000e+00
1.400000000000000000e+01 3.000000000000000000e+01 0.000000000000000000e+00
1.400000000000000000e+01 3.100000000000000000e+01 0.000000000000000000e+00
1.400000000000000000e+01 3.200000000000000000e+01 0.000000000000000000e+00
1.400000000000000000e+01 3.300000000000000000e+01 0.000000000000000000e+00
1.400000000000000000e+01 3.400000000000000000e+01 0.000000000000000000e+00
1.400000000000000000e+01 3.500000000000000000e+01 0.000000000000000000e+00
1.500000000000000000e+01 0.000000000000000000e+00 0.000000000000000000e+00
1.500000000000000000e+01 1.000000000000000000e+00 0.000000000000000000e+00
1.500000000000000000e+01 2.000000000000000000e+00 0.000000000000000000e+00
1.500000000000000000e+01 3.000000000000000000e+00 0.000000000000000000e+00
1.500000000000000000e+01 4.000000000000000000e+00 0.000000000000000000e+00
1.500000000000000000e+01 5.000000000000000000e+00 0.000000000000000000e+00
1.500000000000000000e+01 6.000000000000000000e+00 0.000000000000000000e+00
1.500000000000000000e+01 7.000000000000000000e+00 0.000000000000000000e+00
1.500000000000000000e+01 8.000000000000000000e+00 0.000000000000000000e+00
1.500000000000000000e+01 9.000000000000000000e+00 1.922918649669130009e-01
1.500000000000000000e+01 1.000000000000000000e+01 0.000000000000000000e+00
1.500000000000000000e+01 1.100000000000000000e+01 0.000000000000000000e+00
1.500000000000000000e+01 1.200000000000000000e+01 0.000000000000000000e+00
1.500000000000000000e+01 1.300000000000000000e+01 0.000000000000000000e+00
1.500000000000000000e+01 1.400000000000000000e+01 4.469020127465941211e-02
1.500000000000000000e+01 1.500000000000000000e+01 0.000000000000000000e+00
1.500000000000000000e+01 1.600000000000000000e+01 3.789863161458440627e-02
1.500000000000000000e+01 1.700000000000000000e+01 0.000000000000000000e+00
1.500000000000000000e+01 1.800000000000000000e+01 0.000000000000000000e+00
1.500000000000000000e+01 1.900000000000000000e+01 0.000000000000000000e+00
1.500000000000000000e+01 2.000000000000000000e+01 0.000000000000000000e+00
1.500000000000000000e+01 2.100000000000000000e+01 3.759962548082518112e-03
1.500000000000000000e+01 2.200000000000000000e+01 0.000000000000000000e+00
1.500000000000000000e+01 2.300000000000000000e+01 0.000000000000000000e+00
1.500000000000000000e+01 2.400000000000000000e+01 0.000000000000000000e+00
1.500000000000000000e+01 2.500000000000000000e+01 0.000000000000000000e+00
1.500000000000000000e+01 2.600000000000000000e+01 0.000000000000000000e+00
1.500000000000000000e+01 2.700000000000000000e+01 0.000000000000000000e+00
1.500000000000000000e+01 2.800000000000000000e+01 0.000000000000000000e+00
1.500000000000000000e+01 2.900000000000000000e+01 0.000000000000000000e+00
1.500000000000000000e+01 3.000000000000000000e+01 0.000000000000000000e+00
1.500000000000000000e+01 3.100000000000000000e+01 0.000000000000000000e+00
1.500000000000000000e+01 3.200000000000000000e+01 0.000000000000000000e+00
1.500000000000000000e+01 3.300000000000000000e+01 0.000000000000000000e+00
1.500000000000000000e+01 3.400000000000000000e+01 0.000000000000000000e+00
1.500000000000000000e+01 3.500000000000000000e+01 0.000000000000000000e+00
1.600000000000000000e+01 0.000000000000000000e+00 0.000000000000000000e+00
1.600000000000000000e+01 1.000000000000000000e+00 0.000000000000000000e+00
1.600000000000000000e+01 2.000000000000000000e+00 0.000000000000000000e+00
1.600000000000000000e+01 3.000000000000000000e+00 0.000000000000000000e+00
1.600000000000000000e+01 4.000000000000000000e+00 0.000000000000000000e+00
1.600000000000000000e+01 5.000000000000000000e+00 0.000000000000000000e+00
1.600000000000000000e+01 6.000000000000000000e+00 0.000000000000000000e+00
1.600000000000000000e+01 7.000000000000000000e+00 0.000000000000000000e+00
1.600000000000000000e+01 8.000000000000000000e+00 0.000000000000000000e+00
1.600000000000000000e+01 9.000000000000000000e+00 0.000000000000000000e+00
1.600000000000000000e+01 1.000000000000000000e+01 2.467881544328028309e-01
1.600000000000000000e+01 1.100000000000000000e+01 0.000000000000000000e+00
1.600000000000000000e+01 1.200000000000000000e+01 0.000000000000000000e+00
1.600000000000000000e+01 1.300000000000000000e+01 0.000000000000000000e+00
1.600000000000000000e+01 1.400000000000000000e+01 0.000000000000000000e+00
1.600000000000000000e+01 1.500000000000000000e+01 2.517632463426697220e-01
1.600000000000000000e+01 1.600000000000000000e+01 0.000000000000000000e+00
1.600000000000000000e+01 1.700000000000000000e+01 2.294825685008174410e-01
1.600000000000000000e+01 1.800000000000000000e+01 0.000000000000000000e+00
1.600000000000000000e+01 1.900000000000000000e+01 0.000000000000000000e+00
1.600000000000000000e+01 2.000000000000000000e+01 0.000000000000000000e+00
1.600000000000000000e+01 2.100000000000000000e+01 0.000000000000000000e+00
1.600000000000000000e+01 2.200000000000000000e+01 2.752385343068355916e-01
1.600000000000000000e+01 2.300000000000000000e+01 0.000000000000000000e+00
1.600000000000000000e+01 2.400000000000000000e+01 0.000000000000000000e+00
1.600000000000000000e+01 2.500000000000000000e+01 0.000000000000000000e+00
1.600000000000000000e+01 2.600000000000000000e+01 0.000000000000000000e+00
1.600000000000000000e+01 2.700000000000000000e+01 0.000000000000000000e+00
1.600000000000000000e+01 2.800000000000000000e+01 0.000000000000000000e+00
1.600000000000000000e+01 2.900000000000000000e+01 0.000000000000000000e+00
1.600000000000000000e+01 3.000000000000000000e+01 0.000000000000000000e+00
1.600000000000000000e+01 3.100000000000000000e+01 0.000000000000000000e+00
1.600000000000000000e+01 3.200000000000000000e+01 0.000000000000000000e+00
1.600000000000000000e+01 3.300000000000000000e+01 0.000000000000000000e+00
1.600000000000000000e+01 3.400000000000000000e+01 0.000000000000000000e+00
1.600000000000000000e+01 3.500000000000000000e+01 0.000000000000000000e+00
1.700000000000000000e+01 0.000000000000000000e+00 0.000000000000000000e+00
1.700000000000000000e+01 1.000000000000000000e+00 0.000000000000000000e+00
1.700000000000000000e+01 2.000000000000000000e+00 0.000000000000000000e+00
1.700000000000000000e+01 3.000000000000000000e+00 0.000000000000000000e+00
1.700000000000000000e+01 4.000000000000000000e+00 0.000000000000000000e+00
1.700000000000000000e+01 5.000000000000000000e+00 0.000000000000000000e+00
1.700000000000000000e+01 6.000000000000000000e+00 0.000000000000000000e+00
1.700000000000000000e+01 7.000000000000000000e+00 0.000000000000000000e+00
1.700000000000000000e+01 8.000000000000000000e+00 0.000000000000000000e+00
1.700000000000000000e+01 9.000000000000000000e+00 0.000000000000000000e+00
1.700000000000000000e+01 1.000000000000000000e+01 0.000000000000000000e+00
1.700000000000000000e+01 1.100000000000000000e+01 1.204391727298818049e-01
1.700000000000000000e+01 1.200000000000000000e+01 0.000000000000000000e+00
1.700000000000000000e+01 1.300000000000000000e+01 0.000000000000000000e+00
1.700000000000000000e+01 1.400000000000000000e+01 0.000000000000000000e+00
1.700000000000000000e+01 1.500000000000000000e+01 0.000000000000000000e+00
1.700000000000000000e+01 1.600000000000000000e+01 6.811406698030328388e-02
1.700000000000000000e+01 1.700000000000000000e+01 0.000000000000000000e+00
1.700000000000000000e+01 1.800000000000000000e+01 0.000000000000000000e+00
1.700000000000000000e+01 1.900000000000000000e+01 0.000000000000000000e+00
1.700000000000000000e+01 2.000000000000000000e+01 0.000000000000000000e+00
1.700000000000000000e+01 2.100000000000000000e+01 0.000000000000000000e+00
1.700000000000000000e+01 2.200000000000000000e+01 0.000000000000000000e+00
1.700000000000000000e+01 2.300000000000000000e+01 2.739744494128976693e-01
1.700000000000000000e+01 2.400000000000000000e+01 0.000000000000000000e+00
1.700000000000000000e+01 2.500000000000000000e+01 0.000000000000000000e+00
1.700000000000000000e+01 2.600000000000000000e+01 0.000000000000000000e+00
1.700000000000000000e+01 2.700000000000000000e+01 0.000000000000000000e+00
1.700000000000000000e+01 2.800000000000000000e+01 0.000000000000000000e+00
1.700000000000000000e+01 2.900000000000000000e+01 0.000000000000000000e+00
1.700000000000000000e+01 3.000000000000000000e+01 0.000000000000000000e+00
1.700000000000000000e+01 3.100000000000000000e+01 0.000000000000000000e+00
1.700000000000000000e+01 3.200000000000000000e+01 0.000000000000000000e+00
1.700000000000000000e+01 3.300000000000000000e+01 0.000000000000000000e+00
1.700000000000000000e+01 3.400000000000000000e+01 0.000000000000000000e+00
1.700000000000000000e+01 3.500000000000000000e+01 0.000000000000000000e+00
1.800000000000000000e+01 0.000000000000000000e+00 0.000000000000000000e+00
1.800000000000000000e+01 1.000000000000000000e+00 0.000000000000000000e+00
1.800000000000000000e+01 2.000000000000000000e+00 0.000000000000000000e+00
1.800000000000000000e+01 3.000000000000000000e+00 0.000000000000000000e+00
1.800000000000000000e+01 4.000000000000000000e+00 0.000000000000000000e+00
1.800000000000000000e+01 5.000000000000000000e+00 0.000000000000000000e+00
1.800000000000000000e+01 6.000000000000000000e+00 0.000000000000000000e+00
1.800000000000000000e+01 7.000000000000000000e+00 0.000000000000000000e+00
1.800000000000000000e+01 8.000000000000000000e+00 0.000000000000000000e+00
1.800000000000000000e+01 9.000000000000000000e+00 0.000000000000000000e+00
1.800000000000000000e+01 1.000000000000000000e+01 0.000000000000000000e+00
1.800000000000000000e+01 1.100000000000000000e+01 0.000000000000000000e+00
1.800000000000000000e+01 1.200000000000000000e+01 9.882137966039582569e-03
1.800000000000000000e+01 1.300000000000000000e+01 0.000000000000000000e+00
1.800000000000000000e+01 1.400000000000000000e+01 0.000000000000000000e+00
1.800000000000000000e+01 1.500000000000000000e+01 0.000000000000000000e+00
1.800000000000000000e+01 1.600000000000000000e+01 0.000000000000000000e+00
1.800000000000000000e+01 1.700000000000000000e+01 0.000000000000000000e+00
1.800000000000000000e+01 1.800000000000000000e+01 0.000000000000000000e+00
1.800000000000000000e+01 1.900000000000000000e+01 1.918546043128754831e-03
1.800000000000000000e+01 2.000000000000000000e+01 0.000000000000000000e+00
1.800000000000000000e+01 2.100000000000000000e+01 0.000000000000000000e+00
1.800000000000000000e+01 2.200000000000000000e+01 0.000000000000000000e+00
1.800000000000000000e+01 2.300000000000000000e+01 0.000000000000000000e+00
1.800000000000000000e+01 2.400000000000000000e+01 1.562744874669304562e-01
1.800000000000000000e+01 2.500000000000000000e+01 0.000000000000000000e+00
1.800000000000000000e+01 2.600000000000000000e+01 0.000000000000000000e+00
1.800000000000000000e+01 2.700000000000000000e+01 0.000000000000000000e+00
1.800000000000000000e+01 2.800000000000000000e+01 0.000000000000000000e+00
1.800000000000000000e+01 2.900000000000000000e+01 0.000000000000000000e+00
1.800000000000000000e+01 3.000000000000000000e+01 0.000000000000000000e+00
1.800000000000000000e+01 3.100000000000000000e+01 0.000000000000000000e+00
1.800000000000000000e+01 3.200000000000000000e+01 0.000000000000000000e+00
1.800000000000000000e+01 3.300000000000000000e+01 0.000000000000000000e+00
1.800000000000000000e+01 3.400000000000000000e+01 0.000000000000000000e+00
1.800000000000000000e+01 3.500000000000000000e+01 0.000000000000000000e+00
1.900000000000000000e+01 0.000000000000000000e+00 0.000000000000000000e+00
1.900000000000000000e+01 1.000000000000000000e+00 0.000000000000000000e+00
1.900000000000000000e+01 2.000000000000000000e+00 0.000000000000000000e+00
1.900000000000000000e+01 3.000000000000000000e+00 0.000000000000000000e+00
1.900000000000000000e+01 4.000000000000000000e+00 0.000000000000000000e+00
1.900000000000000000e+01 5.000000000000000000e+00 0.000000000000000000e+00
1.900000000000000000e+01 6.000000000000000000e+00 0.000000000000000000e+00
1.900000000000000000e+01 7.000000000000000000e+00 0.000000000000000000e+00
1.900000000000000000e+01 8.000000000000000000e+00 0.000000000000000000e+00
1.900000000000000000e+01 9.000000000000000000e+00 0.000000000000000000e+00
1.900000000000000000e+01 1.000000000000000000e+01 0.000000000000000000e+00
1.900000000000000000e+01 1.100000000000000000e+01 0.000000000000000000e+00
1.900000000000000000e+01 1.200000000000000000e+01 0.000000000000000000e+00
1.900000000000000000e+01 1.300000000000000000e+01 1.130791366632775824e-01
1.900000000000000000e+01 1.400000000000000000e+01 0.000000000000000000e+00
1.900000000000000000e+01 1.500000000000000000e+01 0.000000000000000000e+00
1.900000000000000000e+01 1.600000000000000000e+01 0.000000000000000000e+00
1.900000000000000000e+01 1.700000000000000000e+01 0.000000000000000000e+00
1.900000000000000000e+01 1.800000000000000000e+01 2.577911680771278746e-01
1.900000000000000000e+01 1.900000000000000000e+01 0.000000000000000000e+00
1.900000000000000000e+01 2.000000000000000000e+01 2.077005424750415219e-01
1.900000000000000000e+01 2.100000000000000000e+01 0.000000000000000000e+00
1.900000000000000000e+01 2.200000000000000000e+01 0.000000000000000000e+00
1.900000000000000000e+01 2.300000000000000000e+01 0.000000000000000000e+00
1.900000000000000000e+01 2.400000000000000000e+01 0.000000000000000000e+00
1.900000000000000000e+01 2.500000000000000000e+01 2.852749234717011362e-01
1.900000000000000000e+01 2.600000000000000000e+01 0.000000000000000000e+00
1.900000000000000000e+01 2.700000000000000000e+01 0.000000000000000000e+00
1.900000000000000000e+01 2.800000000000000000e+01 0.000000000000000000e+00
1.900000000000000000e+01 2.900000000000000000e+01 0.000000000000000000e+00
1.900000000000000000e+01 3.000000000000000000e+01 0.000000000000000000e+00
1.900000000000000000e+01 3.100000000000000000e+01 0.000000000000000000e+00
1.900000000000000000e+01 3.200000000000000000e+01 0.000000000000000000e+00
1.900000000000000000e+01 3.300000000000000000e+01 0.000000000000000000e+00
1.900000000000000000e+01 3.400000000000000000e+01 0.000000000000000000e+00
1.900000000000000000e+01 3.500000000000000000e+01 0.000000000000000000e+00
2.000000000000000000e+01 0.000000000000000000e+00 0.000000000000000000e+00
2.000000000000000000e+01 1.000000000000000000e+00 0.000000000000000000e+00
2.000000000000000000e+01 2.000000000000000000e+00 0.000000000000000000e+00
2.000000000000000000e+01 3.000000000000000000e+00 0.000000000000000000e+00
2.000000000000000000e+01 4.000000000000000000e+00 0.000000000000000000e+00
2.000000000000000000e+01 5.000000000000000000e+00 0.000000000000000000e+00
2.000000000000000000e+01 6.000000000000000000e+00 0.000000000000000000e+00
2.000000000000000000e+01 7.000000000000000000e+00 0.000000000000000000e+00
2.000000000000000000e+01 8.000000000000000000e+00 0.000000000000000000e+00
2.000000000000000000e+01 9.000000000000000000e+00 0.000000000000000000e+00
2.000000000000000000e+01 1.000000000000000000e+01 0.000000000000000000e+00
2.000000000000000000e+01 1.100000000000000000e+01 0.000000000000000000e+00
2.000000000000000000e+01 1.200000000000000000e+01 0.000000000000000000e+00
2.000000000000000000e+01 1.300000000000000000e+01 0.000000000000000000e+00
2.000000000000000000e+01 1.400000000000000000e+01 1.900641361503502547e-01
2.000000000000000000e+01 1.500000000000000000e+01 0.000000000000000000e+00
2.000000000000000000e+01 1.600000000000000000e+01 0.000000000000000000e+00
2.000000000000000000e+01 1.700000000000000000e+01 0.000000000000000000e+00
2.000000000000000000e+01 1.800000000000000000e+01 0.000000000000000000e+00
2.000000000000000000e+01 1.900000000000000000e+01 2.373347700701210483e-01
2.000000000000000000e+01 2.000000000000000000e+01 0.000000000000000000e+00
2.000000000000000000e+01 2.100000000000000000e+01 2.817885709053272736e-01
2.000000000000000000e+01 2.200000000000000000e+01 0.000000000000000000e+00
2.000000000000000000e+01 2.300000000000000000e+01 0.000000000000000000e+00
2.000000000000000000e+01 2.400000000000000000e+01 0.000000000000000000e+00
2.000000000000000000e+01 2.500000000000000000e+01 0.000000000000000000e+00
2.000000000000000000e+01 2.600000000000000000e+01 1.012249944678773744e-01
2.000000000000000000e+01 2.700000000000000000e+01 0.000000000000000000e+00
2.000000000000000000e+01 2.800000000000000000e+01 0.000000000000000000e+00
2.000000000000000000e+01 2.900000000000000000e+01 0.000000000000000000e+00
2.000000000000000000e+01 3.000000000000000000e+01 0.000000000000000000e+00
2.000000000000000000e+01 3.100000000000000000e+01 0.000000000000000000e+00
2.000000000000000000e+01 3.200000000000000000e+01 0.000000000000000000e+00
2.000000000000000000e+01 3.300000000000000000e+01 0.000000000000000000e+00
2.000000000000000000e+01 3.400000000000000000e+01 0.000000000000000000e+00
2.000000000000000000e+01 3.500000000000000000e+01 0.000000000000000000e+00
2.100000000000000000e+01 0.000000000000000000e+00 0.000000000000000000e+00
2.100000000000000000e+01 1.000000000000000000e+00 0.000000000000000000e+00
2.100000000000000000e+01 2.000000000000000000e+00 0.000000000000000000e+00
2.100000000000000000e+01 3.000000000000000000e+00 0.000000000000000000e+00
2.100000000000000000e+01 4.000000000000000000e+00 0.000000000000000000e+00
2.100000000000000000e+01 5.000000000000000000e+00 0.000000000000000000e+00
2.100000000000000000e+01 6.000000000000000000e+00 0.000000000000000000e+00
2.100000000000000000e+01 7.000000000000000000e+00 0.000000000000000000e+00
2.100000000000000000e+01 8.000000000000000000e+00 0.000000000000000000e+00
2.100000000000000000e+01 9.000000000000000000e+00 0.000000000000000000e+00
2.100000000000000000e+01 1.000000000000000000e+01 0.000000000000000000e+00
2.100000000000000000e+01 1.100000000000000000e+01 0.000000000000000000e+00
2.100000000000000000e+01 1.200000000000000000e+01 0.000000000000000000e+00
2.100000000000000000e+01 1.300000000000000000e+01 0.000000000000000000e+00
2.100000000000000000e+01 1.400000000000000000e+01 0.000000000000000000e+00
2.100000000000000000e+01 1.500000000000000000e+01 1.142087390922872370e-01
2.100000000000000000e+01 1.600000000000000000e+01 0.000000000000000000e+00
2.100000000000000000e+01 1.700000000000000000e+01 0.000000000000000000e+00
2.100000000000000000e+01 1.800000000000000000e+01 0.000000000000000000e+00
2.100000000000000000e+01 1.900000000000000000e+01 0.000000000000000000e+00
2.100000000000000000e+01 2.000000000000000000e+01 8.071381277108059804e-02
2.100000000000000000e+01 2.100000000000000000e+01 0.000000000000000000e+00
2.100000000000000000e+01 2.200000000000000000e+01 1.864249242397807149e-01
2.100000000000000000e+01 2.300000000000000000e+01 0.000000000000000000e+00
2.100000000000000000e+01 2.400000000000000000e+01 0.000000000000000000e+00
2.100000000000000000e+01 2.500000000000000000e+01 0.000000000000000000e+00
2.100000000000000000e+01 2.600000000000000000e+01 0.000000000000000000e+00
2.100000000000000000e+01 2.700000000000000000e+01 4.383457092925979737e-02
2.100000000000000000e+01 2.800000000000000000e+01 0.000000000000000000e+00
2.100000000000000000e+01 2.900000000000000000e+01 0.000000000000000000e+00
2.100000000000000000e+01 3.000000000000000000e+01 0.000000000000000000e+00
2.100000000000000000e+01 3.100000000000000000e+01 0.000000000000000000e+00
2.100000000000000000e+01 3.200000000000000000e+01 0.000000000000000000e+00
2.100000000000000000e+01 3.300000000000000000e+01 0.000000000000000000e+00
2.100000000000000000e+01 3.400000000000000000e+01 0.000000000000000000e+00
2.100000000000000000e+01 3.500000000000000000e+01 0.000000000000000000e+00
2.200000000000000000e+01 0.000000000000000000e+00 0.000000000000000000e+00
2.200000000000000000e+01 1.000000000000000000e+00 0.000000000000000000e+00
2.200000000000000000e+01 2.000000000000000000e+00 0.000000000000000000e+00
2.200000000000000000e+01 3.000000000000000000e+00 0.000000000000000000e+00
2.200000000000000000e+01 4.000000000000000000e+00 0.000000000000000000e+00
2.200000000000000000e+01 5.000000000000000000e+00 0.000000000000000000e+00
2.200000000000000000e+01 6.000000000000000000e+00 0.000000000000000000e+00
2.200000000000000000e+01 7.000000000000000000e+00 0.000000000000000000e+00
2.200000000000000000e+01 8.000000000000000000e+00 0.000000000000000000e+00
2.200000000000000000e+01 9.000000000000000000e+00 0.000000000000000000e+00
2.200000000000000000e+01 1.000000000000000000e+01 0.000000000000000000e+00
2.200000000000000000e+01 1.100000000000000000e+01 0.000000000000000000e+00
2.200000000000000000e+01 1.200000000000000000e+01 0.000000000000000000e+00
2.200000000000000000e+01 1.300000000000000000e+01 0.000000000000000000e+00
2.200000000000000000e+01 1.400000000000000000e+01 0.000000000000000000e+00
2.200000000000000000e+01 1.500000000000000000e+01 0.000000000000000000e+00
2.200000000000000000e+01 1.600000000000000000e+01 2.806558045128197398e-01
2.200000000000000000e+01 1.700000000000000000e+01 0.000000000000000000e+00
2.200000000000000000e+01 1.800000000000000000e+01 0.000000000000000000e+00
2.200000000000000000e+01 1.900000000000000000e+01 0.000000000000000000e+00
2.200000000000000000e+01 2.000000000000000000e+01 0.000000000000000000e+00
2.200000000000000000e+01 2.100000000000000000e+01 2.270839658604808797e-01
2.200000000000000000e+01 2.200000000000000000e+01 0.000000000000000000e+00
2.200000000000000000e+01 2.300000000000000000e+01 1.464943675048352711e-01
2.200000000000000000e+01 2.400000000000000000e+01 0.000000000000000000e+00
2.200000000000000000e+01 2.500000000000000000e+01 0.000000000000000000e+00
2.200000000000000000e+01 2.600000000000000000e+01 0.000000000000000000e+00
2.200000000000000000e+01 2.700000000000000000e+01 0.000000000000000000e+00
2.200000000000000000e+01 2.800000000000000000e+01 2.621511205077906373e-02
2.200000000000000000e+01 2.900000000000000000e+01 0.000000000000000000e+00
2.200000000000000000e+01 3.000000000000000000e+01 0.000000000000000000e+00
2.200000000000000000e+01 3.100000000000000000e+01 0.000000000000000000e+00
2.200000000000000000e+01 3.200000000000000000e+01 0.000000000000000000e+00
2.200000000000000000e+01 3.300000000000000000e+01 0.000000000000000000e+00
2.200000000000000000e+01 3.400000000000000000e+01 0.000000000000000000e+00
2.200000000000000000e+01 3.500000000000000000e+01 0.000000000000000000e+00
2.300000000000000000e+01 0.000000000000000000e+00 0.000000000000000000e+00
2.300000000000000000e+01 1.000000000000000000e+00 0.000000000000000000e+00
2.300000000000000000e+01 2.000000000000000000e+00 0.000000000000000000e+00
2.300000000000000000e+01 3.000000000000000000e+00 0.000000000000000000e+00
2.300000000000000000e+01 4.000000000000000000e+00 0.000000000000000000e+00
2.300000000000000000e+01 5.000000000000000000e+00 0.000000000000000000e+00
2.300000000000000000e+01 6.000000000000000000e+00 0.000000000000000000e+00
2.300000000000000000e+01 7.000000000000000000e+00 0.000000000000000000e+00
2.300000000000000000e+01 8.000000000000000000e+00 0.000000000000000000e+00
2.300000000000000000e+01 9.000000000000000000e+00 0.000000000000000000e+00
2.300000000000000000e+01 1.000000000000000000e+01 0.000000000000000000e+00
2.300000000000000000e+01 1.100000000000000000e+01 0.000000000000000000e+00
2.300000000000000000e+01 1.200000000000000000e+01 0.000000000000000000e+00
2.300000000000000000e+01 1.300000000000000000e+01 0.000000000000000000e+00
2.300000000000000000e+01 1.400000000000000000e+01 0.000000000000000000e+00
2.300000000000000000e+01 1.500000000000000000e+01 0.000000000000000000e+00
2.300000000000000000e+01 1.600000000000000000e+01 0.000000000000000000e+00
2.300000000000000000e+01 1.700000000000000000e+01 1.839109311804368041e-01
2.300000000000000000e+01 1.800000000000000000e+01 0.000000000000000000e+00
2.300000000000000000e+01 1.900000000000000000e+01 0.000000000000000000e+00
2.300000000000000000e+01 2.000000000000000000e+01 0.000000000000000000e+00
2.300000000000000000e+01 2.100000000000000000e+01 0.000000000000000000e+00
2.300000000000000000e+01 2.200000000000000000e+01 2.459362272656734627e-01
2.300000000000000000e+01 2.300000000000000000e+01 0.000000000000000000e+00
2.300000000000000000e+01 2.400000000000000000e+01 0.000000000000000000e+00
2.300000000000000000e+01 2.500000000000000000e+01 0.000000000000000000e+00
2.300000000000000000e+01 2.600000000000000000e+01 0.000000000000000000e+00
2.300000000000000000e+01 2.700000000000000000e+01 0.000000000000000000e+00
2.300000000000000000e+01 2.800000000000000000e+01 0.000000000000000000e+00
2.300000000000000000e+01 2.900000000000000000e+01 1.604422731794545032e-01
2.300000000000000000e+01 3.000000000000000000e+01 0.000000000000000000e+00
2.300000000000000000e+01 3.100000000000000000e+01 0.000000000000000000e+00
2.300000000000000000e+01 3.200000000000000000e+01 0.000000000000000000e+00
2.300000000000000000e+01 3.300000000000000000e+01 0.000000000000000000e+00
2.300000000000000000e+01 3.400000000000000000e+01 0.000000000000000000e+00
2.300000000000000000e+01 3.500000000000000000e+01 0.000000000000000000e+00
2.400000000000000000e+01 0.000000000000000000e+00 0.000000000000000000e+00
2.400000000000000000e+01 1.000000000000000000e+00 0.000000000000000000e+00
2.400000000000000000e+01 2.000000000000000000e+00 0.000000000000000000e+00
2.400000000000000000e+01 3.000000000000000000e+00 0.000000000000000000e+00
2.400000000000000000e+01 4.000000000000000000e+00 0.000000000000000000e+00
2.400000000000000000e+01 5.000000000000000000e+00 0.000000000000000000e+00
2.400000000000000000e+01 6.000000000000000000e+00 0.000000000000000000e+00
2.400000000000000000e+01 7.000000000000000000e+00 0.000000000000000000e+00
2.400000000000000000e+01 8.000000000000000000e+00 0.000000000000000000e+00
2.400000000000000000e+01 9.000000000000000000e+00 0.000000000000000000e+00
2.400000000000000000e+01 1.000000000000000000e+01 0.000000000000000000e+00
2.400000000000000000e+01 1.100000000000000000e+01 0.000000000000000000e+00
2.400000000000000000e+01 1.200000000000000000e+01 0.000000000000000000e+00
2.400000000000000000e+01 1.300000000000000000e+01 0.000000000000000000e+00
2.400000000000000000e+01 1.400000000000000000e+01 0.000000000000000000e+00
2.400000000000000000e+01 1.500000000000000000e+01 0.000000000000000000e+00
2.400000000000000000e+01 1.600000000000000000e+01 0.000000000000000000e+00
2.400000000000000000e+01 1.700000000000000000e+01 0.000000000000000000e+00
2.400000000000000000e+01 1.800000000000000000e+01 2.310524027288411997e-01
2.400000000000000000e+01 1.900000000000000000e+01 0.000000000000000000e+00
2.400000000000000000e+01 2.000000000000000000e+01 0.000000000000000000e+00
2.400000000000000000e+01 2.100000000000000000e+01 0.000000000000000000e+00
2.400000000000000000e+01 2.200000000000000000e+01 0.000000000000000000e+00
2.400000000000000000e+01 2.300000000000000000e+01 0.000000000000000000e+00
2.400000000000000000e+01 2.400000000000000000e+01 0.000000000000000000e+00
2.400000000000000000e+01 2.500000000000000000e+01 2.506981431812822514e-01
2.400000000000000000e+01 2.600000000000000000e+01 0.000000000000000000e+00
2.400000000000000000e+01 2.700000000000000000e+01 0.000000000000000000e+00
2.400000000000000000e+01 2.800000000000000000e+01 0.000000000000000000e+00
2.400000000000000000e+01 2.900000000000000000e+01 0.000000000000000000e+00
2.400000000000000000e+01 3.000000000000000000e+01 2.960266604688865932e-01
2.400000000000000000e+01 3.100000000000000000e+01 0.000000000000000000e+00
2.400000000000000000e+01 3.200000000000000000e+01 0.000000000000000000e+00
2.400000000000000000e+01 3.300000000000000000e+01 0.000000000000000000e+00
2.400000000000000000e+01 3.400000000000000000e+01 0.000000000000000000e+00
2.400000000000000000e+01 3.500000000000000000e+01 0.000000000000000000e+00
2.500000000000000000e+01 0.000000000000000000e+00 0.000000000000000000e+00
2.500000000000000000e+01 1.000000000000000000e+00 0.000000000000000000e+00
2.500000000000000000e+01 2.000000000000000000e+00 0.000000000000000000e+00
2.500000000000000000e+01 3.000000000000000000e+00 0.000000000000000000e+00
2.500000000000000000e+01 4.000000000000000000e+00 0.000000000000000000e+00
2.500000000000000000e+01 5.000000000000000000e+00 0.000000000000000000e+00
2.500000000000000000e+01 6.000000000000000000e+00 0.000000000000000000e+00
2.500000000000000000e+01 7.000000000000000000e+00 0.000000000000000000e+00
2.500000000000000000e+01 8.000000000000000000e+00 0.000000000000000000e+00
2.500000000000000000e+01 9.000000000000000000e+00 0.000000000000000000e+00
2.500000000000000000e+01 1.000000000000000000e+01 0.000000000000000000e+00
2.500000000000000000e+01 1.100000000000000000e+01 0.000000000000000000e+00
2.500000000000000000e+01 1.200000000000000000e+01 0.000000000000000000e+00
2.500000000000000000e+01 1.300000000000000000e+01 0.000000000000000000e+00
2.500000000000000000e+01 1.400000000000000000e+01 0.000000000000000000e+00
2.500000000000000000e+01 1.500000000000000000e+01 0.000000000000000000e+00
2.500000000000000000e+01 1.600000000000000000e+01 0.000000000000000000e+00
2.500000000000000000e+01 1.700000000000000000e+01 0.000000000000000000e+00
2.500000000000000000e+01 1.800000000000000000e+01 0.000000000000000000e+00
2.500000000000000000e+01 1.900000000000000000e+01 2.204498147821264964e-01
2.500000000000000000e+01 2.000000000000000000e+01 0.000000000000000000e+00
2.500000000000000000e+01 2.100000000000000000e+01 0.000000000000000000e+00
2.500000000000000000e+01 2.200000000000000000e+01 0.000000000000000000e+00
2.500000000000000000e+01 2.300000000000000000e+01 0.000000000000000000e+00
2.500000000000000000e+01 2.400000000000000000e+01 1.186504302384853160e-01
2.500000000000000000e+01 2.500000000000000000e+01 0.000000000000000000e+00
2.500000000000000000e+01 2.600000000000000000e+01 2.012064257004720913e-01
2.500000000000000000e+01 2.700000000000000000e+01 0.000000000000000000e+00
2.500000000000000000e+01 2.800000000000000000e+01 0.000000000000000000e+00
2.500000000000000000e+01 2.900000000000000000e+01 0.000000000000000000e+00
2.500000000000000000e+01 3.000000000000000000e+01 0.000000000000000000e+00
2.500000000000000000e+01 3.100000000000000000e+01 1.014404673412767563e-02
2.500000000000000000e+01 3.200000000000000000e+01 0.000000000000000000e+00
2.500000000000000000e+01 3.300000000000000000e+01 0.000000000000000000e+00
2.500000000000000000e+01 3.400000000000000000e+01 0.000000000000000000e+00
2.500000000000000000e+01 3.500000000000000000e+01 0.000000000000000000e+00
2.600000000000000000e+01 0.000000000000000000e+00 0.000000000000000000e+00
2.600000000000000000e+01 1.000000000000000000e+00 0.000000000000000000e+00
2.600000000000000000e+01 2.000000000000000000e+00 0.000000000000000000e+00
2.600000000000000000e+01 3.000000000000000000e+00 0.000000000000000000e+00
2.600000000000000000e+01 4.000000000000000000e+00 0.000000000000000000e+00
2.600000000000000000e+01 5.000000000000000000e+00 0.000000000000000000e+00
2.600000000000000000e+01 6.000000000000000000e+00 0.000000000000000000e+00
2.600000000000000000e+01 7.000000000000000000e+00 0.000000000000000000e+00
2.600000000000000000e+01 8.000000000000000000e+00 0.000000000000000000e+00
2.600000000000000000e+01 9.000000000000000000e+00 0.000000000000000000e+00
2.600000000000000000e+01 1.000000000000000000e+01 0.000000000000000000e+00
2.600000000000000000e+01 1.100000000000000000e+01 0.000000000000000000e+00
2.600000000000000000e+01 1.200000000000000000e+01 0.000000000000000000e+00
2.600000000000000000e+01 1.300000000000000000e+01 0.000000000000000000e+00
2.600000000000000000e+01 1.400000000000000000e+01 0.000000000000000000e+00
2.600000000000000000e+01 1.500000000000000000e+01 0.000000000000000000e+00
2.600000000000000000e+01 1.600000000000000000e+01 0.000000000000000000e+00
2.600000000000000000e+01 1.700000000000000000e+01 0.000000000000000000e+00
2.600000000000000000e+01 1.800000000000000000e+01 0.000000000000000000e+00
2.600000000000000000e+01 1.900000000000000000e+01 0.000000000000000000e+00
2.600000000000000000e+01 2.000000000000000000e+01 1.299337467563281279e-01
2.600000000000000000e+01 2.100000000000000000e+01 0.000000000000000000e+00
2.600000000000000000e+01 2.200000000000000000e+01 0.000000000000000000e+00
2.600000000000000000e+01 2.300000000000000000e+01 0.000000000000000000e+00
2.600000000000000000e+01 2.400000000000000000e+01 0.000000000000000000e+00
2.600000000000000000e+01 2.500000000000000000e+01 3.208980587809051599e-02
2.600000000000000000e+01 2.600000000000000000e+01 0.000000000000000000e+00
2.600000000000000000e+01 2.700000000000000000e+01 2.152812038707067888e-01
2.600000000000000000e+01 2.800000000000000000e+01 0.000000000000000000e+00
2.600000000000000000e+01 2.900000000000000000e+01 0.000000000000000000e+00
2.600000000000000000e+01 3.000000000000000000e+01 0.000000000000000000e+00
2.600000000000000000e+01 3.100000000000000000e+01 0.000000000000000000e+00
2.600000000000000000e+01 3.200000000000000000e+01 2.395074923344454598e-01
2.600000000000000000e+01 3.300000000000000000e+01 0.000000000000000000e+00
2.600000000000000000e+01 3.400000000000000000e+01 0.000000000000000000e+00
2.600000000000000000e+01 3.500000000000000000e+01 0.000000000000000000e+00
2.700000000000000000e+01 0.000000000000000000e+00 0.000000000000000000e+00
2.700000000000000000e+01 1.000000000000000000e+00 0.000000000000000000e+00
2.700000000000000000e+01 2.000000000000000000e+00 0.000000000000000000e+00
2.700000000000000000e+01 3.000000000000000000e+00 0.000000000000000000e+00
2.700000000000000000e+01 4.000000000000000000e+00 0.000000000000000000e+00
2.700000000000000000e+01 5.000000000000000000e+00 0.000000000000000000e+00
2.700000000000000000e+01 6.000000000000000000e+00 0.000000000000000000e+00
2.700000000000000000e+01 7.000000000000000000e+00 0.000000000000000000e+00
2.700000000000000000e+01 8.000000000000000000e+00 0.000000000000000000e+00
2.700000000000000000e+01 9.000000000000000000e+00 0.000000000000000000e+00
2.700000000000000000e+01 1.000000000000000000e+01 0.000000000000000000e+00
2.700000000000000000e+01 1.100000000000000000e+01 0.000000000000000000e+00
2.700000000000000000e+01 1.200000000000000000e+01 0.000000000000000000e+00
2.700000000000000000e+01 1.300000000000000000e+01 0.000000000000000000e+00
2.700000000000000000e+01 1.400000000000000000e+01 0.000000000000000000e+00
2.700000000000000000e+01 1.500000000000000000e+01 0.000000000000000000e+00
2.700000000000000000e+01 1.600000000000000000e+01 0.000000000000000000e+00
2.700000000000000000e+01 1.700000000000000000e+01 0.000000000000000000e+00
2.700000000000000000e+01 1.800000000000000000e+01 0.000000000000000000e+00
2.700000000000000000e+01 1.900000000000000000e+01 0.000000000000000000e+00
2.700000000000000000e+01 2.000000000000000000e+01 0.000000000000000000e+00
2.700000000000000000e+01 2.100000000000000000e+01 6.511871850612717394e-02
2.700000000000000000e+01 2.200000000000000000e+01 0.000000000000000000e+00
2.700000000000000000e+01 2.300000000000000000e+01 0.000000000000000000e+00
2.700000000000000000e+01 2.400000000000000000e+01 0.000000000000000000e+00
2.700000000000000000e+01 2.500000000000000000e+01 0.000000000000000000e+00
2.700000000000000000e+01 2.600000000000000000e+01 2.262011211432038704e-01
2.700000000000000000e+01 2.700000000000000000e+01 0.000000000000000000e+00
2.700000000000000000e+01 2.800000000000000000e+01 9.971669091188298251e-02
2.700000000000000000e+01 2.900000000000000000e+01 0.000000000000000000e+00
2.700000000000000000e+01 3.000000000000000000e+01 0.000000000000000000e+00
2.700000000000000000e+01 3.100000000000000000e+01 0.000000000000000000e+00
2.700000000000000000e+01 3.200000000000000000e+01 0.000000000000000000e+00
2.700000000000000000e+01 3.300000000000000000e+01 4.938670623156735801e-02
2.700000000000000000e+01 3.400000000000000000e+01 0.000000000000000000e+00
2.700000000000000000e+01 3.500000000000000000e+01 0.000000000000000000e+00
2.800000000000000000e+01 0.000000000000000000e+00 0.000000000000000000e+00
2.800000000000000000e+01 1.000000000000000000e+00 0.000000000000000000e+00
2.800000000000000000e+01 2.000000000000000000e+00 0.000000000000000000e+00
2.800000000000000000e+01 3.000000000000000000e+00 0.000000000000000000e+00
2.800000000000000000e+01 4.000000000000000000e+00 0.000000000000000000e+00
2.800000000000000000e+01 5.000000000000000000e+00 0.000000000000000000e+00
2.800000000000000000e+01 6.000000000000000000e+00 0.000000000000000000e+00
2.800000000000000000e+01 7.000000000000000000e+00 0.000000000000000000e+00
2.800000000000000000e+01 8.000000000000000000e+00 0.000000000000000000e+00
2.800000000000000000e+01 9.000000000000000000e+00 0.000000000000000000e+00
2.800000000000000000e+01 1.000000000000000000e+01 0.000000000000000000e+00
2.800000000000000000e+01 1.100000000000000000e+01 0.000000000000000000e+00
2.800000000000000000e+01 1.200000000000000000e+01 0.000000000000000000e+00
2.800000000000000000e+01 1.300000000000000000e+01 0.000000000000000000e+00
2.800000000000000000e+01 1.400000000000000000e+01 0.000000000000000000e+00
2.800000000000000000e+01 1.500000000000000000e+01 0.000000000000000000e+00
2.800000000000000000e+01 1.600000000000000000e+01 0.000000000000000000e+00
2.800000000000000000e+01 1.700000000000000000e+01 0.000000000000000000e+00
2.800000000000000000e+01 1.800000000000000000e+01 0.000000000000000000e+00
2.800000000000000000e+01 1.900000000000000000e+01 0.000000000000000000e+00
2.800000000000000000e+01 2.000000000000000000e+01 0.000000000000000000e+00
2.800000000000000000e+01 2.100000000000000000e+01 0.000000000000000000e+00
2.800000000000000000e+01 2.200000000000000000e+01 2.811597647534326838e-01
2.800000000000000000e+01 2.300000000000000000e+01 0.000000000000000000e+00
2.800000000000000000e+01 2.400000000000000000e+01 0.000000000000000000e+00
2.800000000000000000e+01 2.500000000000000000e+01 0.000000000000000000e+00
2.800000000000000000e+01 2.600000000000000000e+01 0.000000000000000000e+00
2.800000000000000000e+01 2.700000000000000000e+01 4.721203529049613351e-02
2.800000000000000000e+01 2.800000000000000000e+01 0.000000000000000000e+00
2.800000000000000000e+01 2.900000000000000000e+01 2.779758242177884919e-01
2.800000000000000000e+01 3.000000000000000000e+01 0.000000000000000000e+00
2.800000000000000000e+01 3.100000000000000000e+01 0.000000000000000000e+00
2.800000000000000000e+01 3.200000000000000000e+01 0.000000000000000000e+00
2.800000000000000000e+01 3.300000000000000000e+01 0.000000000000000000e+00
2.800000000000000000e+01 3.400000000000000000e+01 2.415568016980566834e-01
2.800000000000000000e+01 3.500000000000000000e+01 0.000000000000000000e+00
2.900000000000000000e+01 0.000000000000000000e+00 0.000000000000000000e+00
2.900000000000000000e+01 1.000000000000000000e+00 0.000000000000000000e+00
2.900000000000000000e+01 2.000000000000000000e+00 0.000000000000000000e+00
2.900000000000000000e+01 3.000000000000000000e+00 0.000000000000000000e+00
2.900000000000000000e+01 4.000000000000000000e+00 0.000000000000000000e+00
2.900000000000000000e+01 5.000000000000000000e+00 0.000000000000000000e+00
2.900000000000000000e+01 6.000000000000000000e+00 0.000000000000000000e+00
2.900000000000000000e+01 7.000000000000000000e+00 0.000000000000000000e+00
2.900000000000000000e+01 8.000000000000000000e+00 0.000000000000000000e+00
2.900000000000000000e+01 9.000000000000000000e+00 0.000000000000000000e+00
2.900000000000000000e+01 1.000000000000000000e+01 0.000000000000000000e+00
2.900000000000000000e+01 1.100000000000000000e+01 0.000000000000000000e+00
2.900000000000000000e+01 1.200000000000000000e+01 0.000000000000000000e+00
2.900000000000000000e+01 1.300000000000000000e+01 0.000000000000000000e+00
2.900000000000000000e+01 1.400000000000000000e+01 0.000000000000000000e+00
2.900000000000000000e+01 1.500000000000000000e+01 0.000000000000000000e+00
2.900000000000000000e+01 1.600000000000000000e+01 0.000000000000000000e+00
2.900000000000000000e+01 1.700000000000000000e+01 0.000000000000000000e+00
2.900000000000000000e+01 1.800000000000000000e+01 0.000000000000000000e+00
2.900000000000000000e+01 1.900000000000000000e+01 0.000000000000000000e+00
2.900000000000000000e+01 2.000000000000000000e+01 0.000000000000000000e+00
2.900000000000000000e+01 2.100000000000000000e+01 0.000000000000000000e+00
2.900000000000000000e+01 2.200000000000000000e+01 0.000000000000000000e+00
2.900000000000000000e+01 2.300000000000000000e+01 1.282411221484326680e-01
2.900000000000000000e+01 2.400000000000000000e+01 0.000000000000000000e+00
2.900000000000000000e+01 2.500000000000000000e+01 0.000000000000000000e+00
2.900000000000000000e+01 2.600000000000000000e+01 0.000000000000000000e+00
2.900000000000000000e+01 2.700000000000000000e+01 0.000000000000000000e+00
2.900000000000000000e+01 2.800000000000000000e+01 4.886315825742393315e-02
2.900000000000000000e+01 2.900000000000000000e+01 0.000000000000000000e+00
2.900000000000000000e+01 3.000000000000000000e+01 0.000000000000000000e+00
2.900000000000000000e+01 3.100000000000000000e+01 0.000000000000000000e+00
2.900000000000000000e+01 3.200000000000000000e+01 0.000000000000000000e+00
2.900000000000000000e+01 3.300000000000000000e+01 0.000000000000000000e+00
2.900000000000000000e+01 3.400000000000000000e+01 0.000000000000000000e+00
2.900000000000000000e+01 3.500000000000000000e+01 1.077863519675370668e-01
3.000000000000000000e+01 0.000000000000000000e+00 0.000000000000000000e+00
3.000000000000000000e+01 1.000000000000000000e+00 0.000000000000000000e+00
3.000000000000000000e+01 2.000000000000000000e+00 0.000000000000000000e+00
3.000000000000000000e+01 3.000000000000000000e+00 0.000000000000000000e+00
3.000000000000000000e+01 4.000000000000000000e+00 0.000000000000000000e+00
3.000000000000000000e+01 5.000000000000000000e+00 0.000000000000000000e+00
3.000000000000000000e+01 6.000000000000000000e+00 0.000000000000000000e+00
3.000000000000000000e+01 7.000000000000000000e+00 0.000000000000000000e+00
3.000000000000000000e+01 8.000000000000000000e+00 0.000000000000000000e+00
3.000000000000000000e+01 9.000000000000000000e+00 0.000000000000000000e+00
3.000000000000000000e+01 1.000000000000000000e+01 0.000000000000000000e+00
3.000000000000000000e+01 1.100000000000000000e+01 0.000000000000000000e+00
3.000000000000000000e+01 1.200000000000000000e+01 0.000000000000000000e+00
3.000000000000000000e+01 1.300000000000000000e+01 0.000000000000000000e+00
3.000000000000000000e+01 1.400000000000000000e+01 0.000000000000000000e+00
3.000000000000000000e+01 1.500000000000000000e+01 0.000000000000000000e+00
3.000000000000000000e+01 1.600000000000000000e+01 0.000000000000000000e+00
3.000000000000000000e+01 1.700000000000000000e+01 0.000000000000000000e+00
3.000000000000000000e+01 1.800000000000000000e+01 0.000000000000000000e+00
3.000000000000000000e+01 1.900000000000000000e+01 0.000000000000000000e+00
3.000000000000000000e+01 2.000000000000000000e+01 0.000000000000000000e+00
3.000000000000000000e+01 2.100000000000000000e+01 0.000000000000000000e+00
3.000000000000000000e+01 2.200000000000000000e+01 0.000000000000000000e+00
3.000000000000000000e+01 2.300000000000000000e+01 0.000000000000000000e+00
3.000000000000000000e+01 2.400000000000000000e+01 1.078972229550755196e-01
3.000000000000000000e+01 2.500000000000000000e+01 0.000000000000000000e+00
3.000000000000000000e+01 2.600000000000000000e+01 0.000000000000000000e+00
3.000000000000000000e+01 2.700000000000000000e+01 0.000000000000000000e+00
3.000000000000000000e+01 2.800000000000000000e+01 0.000000000000000000e+00
3.000000000000000000e+01 2.900000000000000000e+01 0.000000000000000000e+00
3.000000000000000000e+01 3.000000000000000000e+01 0.000000000000000000e+00
3.000000000000000000e+01 3.100000000000000000e+01 7.948157202297659318e-02
3.000000000000000000e+01 3.200000000000000000e+01 0.000000000000000000e+00
3.000000000000000000e+01 3.300000000000000000e+01 0.000000000000000000e+00
3.000000000000000000e+01 3.400000000000000000e+01 0.000000000000000000e+00
3.000000000000000000e+01 3.500000000000000000e+01 0.000000000000000000e+00
3.100000000000000000e+01 0.000000000000000000e+00 0.000000000000000000e+00
3.100000000000000000e+01 1.000000000000000000e+00 0.000000000000000000e+00
3.100000000000000000e+01 2.000000000000000000e+00 0.000000000000000000e+00
3.100000000000000000e+01 3.000000000000000000e+00 0.000000000000000000e+00
3.100000000000000000e+01 4.000000000000000000e+00 0.000000000000000000e+00
3.100000000000000000e+01 5.000000000000000000e+00 0.000000000000000000e+00
3.100000000000000000e+01 6.000000000000000000e+00 0.000000000000000000e+00
3.100000000000000000e+01 7.000000000000000000e+00 0.000000000000000000e+00
3.100000000000000000e+01 8.000000000000000000e+00 0.000000000000000000e+00
3.100000000000000000e+01 9.000000000000000000e+00 0.000000000000000000e+00
3.100000000000000000e+01 1.000000000000000000e+01 0.000000000000000000e+00
3.100000000000000000e+01 1.100000000000000000e+01 0.000000000000000000e+00
3.100000000000000000e+01 1.200000000000000000e+01 0.000000000000000000e+00
3.100000000000000000e+01 1.300000000000000000e+01 0.000000000000000000e+00
3.100000000000000000e+01 1.400000000000000000e+01 0.000000000000000000e+00
3.100000000000000000e+01 1.500000000000000000e+01 0.000000000000000000e+00
3.100000000000000000e+01 1.600000000000000000e+01 0.000000000000000000e+00
3.100000000000000000e+01 1.700000000000000000e+01 0.000000000000000000e+00
3.100000000000000000e+01 1.800000000000000000e+01 0.000000000000000000e+00
3.100000000000000000e+01 1.900000000000000000e+01 0.000000000000000000e+00
3.100000000000000000e+01 2.000000000000000000e+01 0.000000000000000000e+00
3.100000000000000000e+01 2.100000000000000000e+01 0.000000000000000000e+00
3.100000000000000000e+01 2.200000000000000000e+01 0.000000000000000000e+00
3.100000000000000000e+01 2.300000000000000000e+01 0.000000000000000000e+00
3.100000000000000000e+01 2.400000000000000000e+01 0.000000000000000000e+00
3.100000000000000000e+01 2.500000000000000000e+01 1.692578640275515037e-02
3.100000000000000000e+01 2.600000000000000000e+01 0.000000000000000000e+00
3.100000000000000000e+01 2.700000000000000000e+01 0.000000000000000000e+00
3.100000000000000000e+01 2.800000000000000000e+01 0.000000000000000000e+00
3.100000000000000000e+01 2.900000000000000000e+01 0.000000000000000000e+00
3.100000000000000000e+01 3.000000000000000000e+01 1.425602870905439412e-01
3.100000000000000000e+01 3.100000000000000000e+01 0.000000000000000000e+00
3.100000000000000000e+01 3.200000000000000000e+01 2.818356970250581184e-01
3.100000000000000000e+01 3.300000000000000000e+01 0.000000000000000000e+00
3.100000000000000000e+01 3.400000000000000000e+01 0.000000000000000000e+00
3.100000000000000000e+01 3.500000000000000000e+01 0.000000000000000000e+00
3.200000000000000000e+01 0.000000000000000000e+00 0.000000000000000000e+00
3.200000000000000000e+01 1.000000000000000000e+00 0.000000000000000000e+00
3.200000000000000000e+01 2.000000000000000000e+00 0.000000000000000000e+00
3.200000000000000000e+01 3.000000000000000000e+00 0.000000000000000000e+00
3.200000000000000000e+01 4.000000000000000000e+00 0.000000000000000000e+00
3.200000000000000000e+01 5.000000000000000000e+00 0.000000000000000000e+00
3.200000000000000000e+01 6.000000000000000000e+00 0.000000000000000000e+00
3.200000000000000000e+01 7.000000000000000000e+00 0.000000000000000000e+00
3.200000000000000000e+01 8.000000000000000000e+00 0.000000000000000000e+00
3.200000000000000000e+01 9.000000000000000000e+00 0.000000000000000000e+00
3.200000000000000000e+01 1.000000000000000000e+01 0.000000000000000000e+00
3.200000000000000000e+01 1.100000000000000000e+01 0.000000000000000000e+00
3.200000000000000000e+01 1.200000000000000000e+01 0.000000000000000000e+00
3.200000000000000000e+01 1.300000000000000000e+01 0.000000000000000000e+00
3.200000000000000000e+01 1.400000000000000000e+01 0.000000000000000000e+00
3.200000000000000000e+01 1.500000000000000000e+01 0.000000000000000000e+00
3.200000000000000000e+01 1.600000000000000000e+01 0.000000000000000000e+00
3.200000000000000000e+01 1.700000000000000000e+01 0.000000000000000000e+00
3.200000000000000000e+01 1.800000000000000000e+01 0.000000000000000000e+00
3.200000000000000000e+01 1.900000000000000000e+01 0.000000000000000000e+00
3.200000000000000000e+01 2.000000000000000000e+01 0.000000000000000000e+00
3.200000000000000000e+01 2.100000000000000000e+01 0.000000000000000000e+00
3.200000000000000000e+01 2.200000000000000000e+01 0.000000000000000000e+00
3.200000000000000000e+01 2.300000000000000000e+01 0.000000000000000000e+00
3.200000000000000000e+01 2.400000000000000000e+01 0.000000000000000000e+00
3.200000000000000000e+01 2.500000000000000000e+01 0.000000000000000000e+00
3.200000000000000000e+01 2.600000000000000000e+01 6.667863186980281520e-02
3.200000000000000000e+01 2.700000000000000000e+01 0.000000000000000000e+00
3.200000000000000000e+01 2.800000000000000000e+01 0.000000000000000000e+00
3.200000000000000000e+01 2.900000000000000000e+01 0.000000000000000000e+00
3.200000000000000000e+01 3.000000000000000000e+01 0.000000000000000000e+00
3.200000000000000000e+01 3.100000000000000000e+01 8.221169198796653144e-02
3.200000000000000000e+01 3.200000000000000000e+01 0.000000000000000000e+00
3.200000000000000000e+01 3.300000000000000000e+01 9.330332764599154338e-02
3.200000000000000000e+01 3.400000000000000000e+01 0.000000000000000000e+00
3.200000000000000000e+01 3.500000000000000000e+01 0.000000000000000000e+00
3.300000000000000000e+01 0.000000000000000000e+00 0.000000000000000000e+00
3.300000000000000000e+01 1.000000000000000000e+00 0.000000000000000000e+00
3.300000000000000000e+01 2.000000000000000000e+00 0.000000000000000000e+00
3.300000000000000000e+01 3.000000000000000000e+00 0.000000000000000000e+00
3.300000000000000000e+01 4.000000000000000000e+00 0.000000000000000000e+00
3.300000000000000000e+01 5.000000000000000000e+00 0.000000000000000000e+00
3.300000000000000000e+01 6.000000000000000000e+00 0.000000000000000000e+00
3.300000000000000000e+01 7.000000000000000000e+00 0.000000000000000000e+00
3.300000000000000000e+01 8.000000000000000000e+00 0.000000000000000000e+00
3.300000000000000000e+01 9.000000000000000000e+00 0.000000000000000000e+00
3.300000000000000000e+01 1.000000000000000000e+01 0.000000000000000000e+00
3.300000000000000000e+01 1.100000000000000000e+01 0.000000000000000000e+00
3.300000000000000000e+01 1.200000000000000000e+01 0.000000000000000000e+00
3.300000000000000000e+01 1.300000000000000000e+01 0.000000000000000000e+00
3.300000000000000000e+01 1.400000000000000000e+01 0.000000000000000000e+00
3.300000000000000000e+01 1.500000000000000000e+01 0.000000000000000000e+00
3.300000000000000000e+01 1.600000000000000000e+01 0.000000000000000000e+00
3.300000000000000000e+01 1.700000000000000000e+01 0.000000000000000000e+00
3.300000000000000000e+01 1.800000000000000000e+01 0.000000000000000000e+00
3.300000000000000000e+01 1.900000000000000000e+01 0.000000000000000000e+00
3.300000000000000000e+01 2.000000000000000000e+01 0.000000000000000000e+00
3.300000000000000000e+01 2.100000000000000000e+01 0.000000000000000000e+00
3.300000000000000000e+01 2.200000000000000000e+01 0.000000000000000000e+00
3.300000000000000000e+01 2.300000000000000000e+01 0.000000000000000000e+00
3.300000000000000000e+01 2.400000000000000000e+01 0.000000000000000000e+00
3.300000000000000000e+01 2.500000000000000000e+01 0.000000000000000000e+00
3.300000000000000000e+01 2.600000000000000000e+01 0.000000000000000000e+00
3.300000000000000000e+01 2.700000000000000000e+01 2.650710465714127273e-01
3.300000000000000000e+01 2.800000000000000000e+01 0.000000000000000000e+00
3.300000000000000000e+01 2.900000000000000000e+01 0.000000000000000000e+00
3.300000000000000000e+01 3.000000000000000000e+01 0.000000000000000000e+00
3.300000000000000000e+01 3.100000000000000000e+01 0.000000000000000000e+00
3.300000000000000000e+01 3.200000000000000000e+01 4.249854111571094335e-03
3.300000000000000000e+01 3.300000000000000000e+01 0.000000000000000000e+00
3.300000000000000000e+01 3.400000000000000000e+01 2.868495638402816794e-02
3.300000000000000000e+01 3.500000000000000000e+01 0.000000000000000000e+00
3.400000000000000000e+01 0.000000000000000000e+00 0.000000000000000000e+00
3.400000000000000000e+01 1.000000000000000000e+00 0.000000000000000000e+00
3.400000000000000000e+01 2.000000000000000000e+00 0.000000000000000000e+00
3.400000000000000000e+01 3.000000000000000000e+00 0.000000000000000000e+00
3.400000000000000000e+01 4.000000000000000000e+00 0.000000000000000000e+00
3.400000000000000000e+01 5.000000000000000000e+00 0.000000000000000000e+00
3.400000000000000000e+01 6.000000000000000000e+00 0.000000000000000000e+00
3.400000000000000000e+01 7.000000000000000000e+00 0.000000000000000000e+00
3.400000000000000000e+01 8.000000000000000000e+00 0.000000000000000000e+00
3.400000000000000000e+01 9.000000000000000000e+00 0.000000000000000000e+00
3.400000000000000000e+01 1.000000000000000000e+01 0.000000000000000000e+00
3.400000000000000000e+01 1.100000000000000000e+01 0.000000000000000000e+00
3.400000000000000000e+01 1.200000000000000000e+01 0.000000000000000000e+00
3.400000000000000000e+01 1.300000000000000000e+01 0.000000000000000000e+00
3.400000000000000000e+01 1.400000000000000000e+01 0.000000000000000000e+00
3.400000000000000000e+01 1.500000000000000000e+01 0.000000000000000000e+00
3.400000000000000000e+01 1.600000000000000000e+01 0.000000000000000000e+00
3.400000000000000000e+01 1.700000000000000000e+01 0.000000000000000000e+00
3.400000000000000000e+01 1.800000000000000000e+01 0.000000000000000000e+00
3.400000000000000000e+01 1.900000000000000000e+01 0.000000000000000000e+00
3.400000000000000000e+01 2.000000000000000000e+01 0.000000000000000000e+00
3.400000000000000000e+01 2.100000000000000000e+01 0.000000000000000000e+00
3.400000000000000000e+01 2.200000000000000000e+01 0.000000000000000000e+00
3.400000000000000000e+01 2.300000000000000000e+01 0.000000000000000000e+00
3.400000000000000000e+01 2.400000000000000000e+01 0.000000000000000000e+00
3.400000000000000000e+01 2.500000000000000000e+01 0.000000000000000000e+00
3.400000000000000000e+01 2.600000000000000000e+01 0.000000000000000000e+00
3.400000000000000000e+01 2.700000000000000000e+01 0.000000000000000000e+00
3.400000000000000000e+01 2.800000000000000000e+01 1.301755251479151942e-01
3.400000000000000000e+01 2.900000000000000000e+01 0.000000000000000000e+00
3.400000000000000000e+01 3.000000000000000000e+01 0.000000000000000000e+00
3.400000000000000000e+01 3.100000000000000000e+01 0.000000000000000000e+00
3.400000000000000000e+01 3.200000000000000000e+01 0.000000000000000000e+00
3.400000000000000000e+01 3.300000000000000000e+01 2.624236137469556085e-01
3.400000000000000000e+01 3.400000000000000000e+01 0.000000000000000000e+00
3.400000000000000000e+01 3.500000000000000000e+01 9.458365700610028848e-02
3.500000000000000000e+01 0.000000000000000000e+00 0.000000000000000000e+00
3.500000000000000000e+01 1.000000000000000000e+00 0.000000000000000000e+00
3.500000000000000000e+01 2.000000000000000000e+00 0.000000000000000000e+00
3.500000000000000000e+01 3.000000000000000000e+00 0.000000000000000000e+00
3.500000000000000000e+01 4.000000000000000000e+00 0.000000000000000000e+00
3.500000000000000000e+01 5.000000000000000000e+00 0.000000000000000000e+00
3.500000000000000000e+01 6.000000000000000000e+00 0.000000000000000000e+00
3.500000000000000000e+01 7.000000000000000000e+00 0.000000000000000000e+00
3.500000000000000000e+01 8.000000000000000000e+00 0.000000000000000000e+00
3.500000000000000000e+01 9.000000000000000000e+00 0.000000000000000000e+00
3.500000000000000000e+01 1.000000000000000000e+01 0.000000000000000000e+00
3.500000000000000000e+01 1.100000000000000000e+01 0.000000000000000000e+00
3.500000000000000000e+01 1.200000000000000000e+01 0.000000000000000000e+00
3.500000000000000000e+01 1.300000000000000000e+01 0.000000000000000000e+00
3.500000000000000000e+01 1.400000000000000000e+01 0.000000000000000000e+00
3.500000000000000000e+01 1.500000000000000000e+01 0.000000000000000000e+00
3.500000000000000000e+01 1.600000000000000000e+01 0.000000000000000000e+00
3.500000000000000000e+01 1.700000000000000000e+01 0.000000000000000000e+00
3.500000000000000000e+01 1.800000000000000000e+01 0.000000000000000000e+00
3.500000000000000000e+01 1.900000000000000000e+01 0.000000000000000000e+00
3.500000000000000000e+01 2.000000000000000000e+01 0.000000000000000000e+00
3.500000000000000000e+01 2.100000000000000000e+01 0.000000000000000000e+00
3.500000000000000000e+01 2.200000000000000000e+01 0.000000000000000000e+00
3.500000000000000000e+01 2.300000000000000000e+01 0.000000000000000000e+00
3.500000000000000000e+01 2.400000000000000000e+01 0.000000000000000000e+00
3.500000000000000000e+01 2.500000000000000000e+01 0.000000000000000000e+00
3.500000000000000000e+01 2.600000000000000000e+01 0.000000000000000000e+00
3.500000000000000000e+01 2.700000000000000000e+01 0.000000000000000000e+00
3.500000000000000000e+01 2.800000000000000000e+01 0.000000000000000000e+00
3.500000000000000000e+01 2.900000000000000000e+01 1.024131684032962980e-01
3.500000000000000000e+01 3.000000000000000000e+01 0.000000000000000000e+00
3.500000000000000000e+01 3.100000000000000000e+01 0.000000000000000000e+00
3.500000000000000000e+01 3.200000000000000000e+01 0.000000000000000000e+00
3.500000000000000000e+01 3.300000000000000000e+01 0.000000000000000000e+00
3.500000000000000000e+01 3.400000000000000000e+01 2.741468969371149145e-01
3.500000000000000000e+01 3.500000000000000000e+01 0.000000000000000000e+00
