0.000000000000000000e+00 0.000000000000000000e+00 0.000000000000000000e+00
0.000000000000000000e+00 1.000000000000000000e+00 3.418806392538902283e-01
0.000000000000000000e+00 2.000000000000000000e+00 0.000000000000000000e+00
0.000000000000000000e+00 3.000000000000000000e+00 0.000000000000000000e+00
0.000000000000000000e+00 4.000000000000000000e+00 0.000000000000000000e+00
0.000000000000000000e+00 5.000000000000000000e+00 3.024436837025025193e-01
0.000000000000000000e+00 6.000000000000000000e+00 0.000000000000000000e+00
0.000000000000000000e+00 7.000000000000000000e+00 0.000000000000000000e+00
0.000000000000000000e+00 8.000000000000000000e+00 0.000000000000000000e+00
0.000000000000000000e+00 9.000000000000000000e+00 0.000000000000000000e+00
0.000000000000000000e+00 1.000000000000000000e+01 0.000000000000000000e+00
0.000000000000000000e+00 1.100000000000000000e+01 0.000000000000000000e+00
0.000000000000000000e+00 1.200000000000000000e+01 0.000000000000000000e+00
0.000000000000000000e+00 1.300000000000000000e+01 0.000000000000000000e+00
0.000000000000000000e+00 1.400000000000000000e+01 0.000000000000000000e+00
0.000000000000000000e+00 1.500000000000000000e+01 0.000000000000000000e+00
0.000000000000000000e+00 1.600000000000000000e+01 0.000000000000000000e+00
0.000000000000000000e+00 1.700000000000000000e+01 0.000000000000000000e+00
0.000000000000000000e+00 1.800000000000000000e+01 0.000000000000000000e+00
0.000000000000000000e+00 1.900000000000000000e+01 0.000000000000000000e+00
0.000000000000000000e+00 2.000000000000000000e+01 0.000000000000000000e+00
0.000000000000000000e+00 2.100000000000000000e+01 0.000000000000000000e+00
0.000000000000000000e+00 2.200000000000000000e+01 0.000000000000000000e+00
0.000000000000000000e+00 2.300000000000000000e+01 0.000000000000000000e+00
0.000000000000000000e+00 2.400000000000000000e+01 0.000000000000000000e+00
1.000000000000000000e+00 0.000000000000000000e+00 3.729696767524944279e-01
1.000000000000000000e+00 1.000000000000000000e+00 0.000000000000000000e+00
1.000000000000000000e+00 2.000000000000000000e+00 3.866383483982399616e-01
1.000000000000000000e+00 3.000000000000000000e+00 0.000000000000000000e+00
1.000000000000000000e+00 4.000000000000000000e+00 0.000000000000000000e+00
1.000000000000000000e+00 5.000000000000000000e+00 0.000000000000000000e+00
1.000000000000000000e+00 6.000000000000000000e+00 3.454539252977348873e-01
1.000000000000000000e+00 7.000000000000000000e+00 0.000000000000000000e+00
1.000000000000000000e+00 8.000000000000000000e+00 0.000000000000000000e+00
1.000000000000000000e+00 9.000000000000000000e+00 0.000000000000000000e+00
1.000000000000000000e+00 1.000000000000000000e+01 0.000000000000000000e+00
1.000000000000000000e+00 1.100000000000000000e+01 0.000000000000000000e+00
1.000000000000000000e+00 1.200000000000000000e+01 0.000000000000000000e+00
1.000000000000000000e+00 1.300000000000000000e+01 0.000000000000000000e+00
1.000000000000000000e+00 1.400000000000000000e+01 0.000000000000000000e+00
1.000000000000000000e+00 1.500000000000000000e+01 0.000000000000000000e+00
1.000000000000000000e+00 1.600000000000000000e+01 0.000000000000000000e+00
1.000000000000000000e+00 1.700000000000000000e+01 0.000000000000000000e+00
1.000000000000000000e+00 1.800000000000000000e+01 0.000000000000000000e+00
1.000000000000000000e+00 1.900000000000000000e+01 0.000000000000000000e+00
1.000000000000000000e+00 2.000000000000000000e+01 0.000000000000000000e+00
1.000000000000000000e+00 2.100000000000000000e+01 0.000000000000000000e+00
1.000000000000000000e+00 2.200000000000000000e+01 0.000000000000000000e+00
1.000000000000000000e+00 2.300000000000000000e+01 0.000000000000000000e+00
1.000000000000000000e+00 2.400000000000000000e+01 0.000000000000000000e+00
2.000000000000000000e+00 0.000000000000000000e+00 0.000000000000000000e+00
2.000000000000000000e+00 1.000000000000000000e+00 3.237507874463311786e-01
2.000000000000000000e+00 2.000000000000000000e+00 0.000000000000000000e+00
2.000000000000000000e+00 3.000000000000000000e+00 3.267552389128597912e-01
2.000000000000000000e+00 4.000000000000000000e+00 0.000000000000000000e+00
2.000000000000000000e+00 5.000000000000000000e+00 0.000000000000000000e+00
2.000000000000000000e+00 6.000000000000000000e+00 0.000000000000000000e+00
2.000000000000000000e+00 7.000000000000000000e+00 3.955430680937429555e-01
2.000000000000000000e+00 8.000000000000000000e+00 0.000000000000000000e+00
2.000000000000000000e+00 9.000000000000000000e+00 0.000000000000000000e+00
2.000000000000000000e+00 1.000000000000000000e+01 0.000000000000000000e+00
2.000000000000000000e+00 1.100000000000000000e+01 0.000000000000000000e+00
2.000000000000000000e+00 1.200000000000000000e+01 0.000000000000000000e+00
2.000000000000000000e+00 1.300000000000000000e+01 0.000000000000000000e+00
2.000000000000000000e+00 1.400000000000000000e+01 0.000000000000000000e+00
2.000000000000000000e+00 1.500000000000000000e+01 0.000000000000000000e+00
2.000000000000000000e+00 1.600000000000000000e+01 0.000000000000000000e+00
2.000000000000000000e+00 1.700000000000000000e+01 0.000000000000000000e+00
2.000000000000000000e+00 1.800000000000000000e+01 0.000000000000000000e+00
2.000000000000000000e+00 1.900000000000000000e+01 0.000000000000000000e+00
2.000000000000000000e+00 2.000000000000000000e+01 0.000000000000000000e+00
2.000000000000000000e+00 2.100000000000000000e+01 0.000000000000000000e+00
2.000000000000000000e+00 2.200000000000000000e+01 0.000000000000000000e+00
2.000000000000000000e+00 2.300000000000000000e+01 0.000000000000000000e+00
2.000000000000000000e+00 2.400000000000000000e+01 0.000000000000000000e+00
3.000000000000000000e+00 0.000000000000000000e+00 0.000000000000000000e+00
3.000000000000000000e+00 1.000000000000000000e+00 0.000000000000000000e+00
3.000000000000000000e+00 2.000000000000000000e+00 3.339315902644983680e-01
3.000000000000000000e+00 3.000000000000000000e+00 0.000000000000000000e+00
3.000000000000000000e+00 4.000000000000000000e+00 2.417318765430256366e-01
3.000000000000000000e+00 5.000000000000000000e+00 0.000000000000000000e+00
3.000000000000000000e+00 6.000000000000000000e+00 0.000000000000000000e+00
3.000000000000000000e+00 7.000000000000000000e+00 0.000000000000000000e+00
3.000000000000000000e+00 8.000000000000000000e+00 2.234573851478179884e-01
3.000000000000000000e+00 9.000000000000000000e+00 0.000000000000000000e+00
3.000000000000000000e+00 1.000000000000000000e+01 0.000000000000000000e+00
3.000000000000000000e+00 1.100000000000000000e+01 0.000000000000000000e+00
3.000000000000000000e+00 1.200000000000000000e+01 0.000000000000000000e+00
3.000000000000000000e+00 1.300000000000000000e+01 0.000000000000000000e+00
3.000000000000000000e+00 1.400000000000000000e+01 0.000000000000000000e+00
3.000000000000000000e+00 1.500000000000000000e+01 0.000000000000000000e+00
3.000000000000000000e+00 1.600000000000000000e+01 0.000000000000000000e+00
3.000000000000000000e+00 1.700000000000000000e+01 0.000000000000000000e+00
3.000000000000000000e+00 1.800000000000000000e+01 0.000000000000000000e+00
3.000000000000000000e+00 1.900000000000000000e+01 0.000000000000000000e+00
3.000000000000000000e+00 2.000000000000000000e+01 0.000000000000000000e+00
3.000000000000000000e+00 2.100000000000000000e+01 0.000000000000000000e+00
3.000000000000000000e+00 2.200000000000000000e+01 0.000000000000000000e+00
3.000000000000000000e+00 2.300000000000000000e+01 0.000000000000000000e+00
3.000000000000000000e+00 2.400000000000000000e+01 0.000000000000000000e+00
4.000000000000000000e+00 0.000000000000000000e+00 0.000000000000000000e+00
4.000000000000000000e+00 1.000000000000000000e+00 0.000000000000000000e+00
4.000000000000000000e+00 2.000000000000000000e+00 0.000000000000000000e+00
4.000000000000000000e+00 3.000000000000000000e+00 3.006178322724853968e-01
4.000000000000000000e+00 4.000000000000000000e+00 0.000000000000000000e+00
4.000000000000000000e+00 5.000000000000000000e+00 0.000000000000000000e+00
4.000000000000000000e+00 6.000000000000000000e+00 0.000000000000000000e+00
4.000000000000000000e+00 7.000000000000000000e+00 0.000000000000000000e+00
4.000000000000000000e+00 8.000000000000000000e+00 0.000000000000000000e+00
4.000000000000000000e+00 9.000000000000000000e+00 2.724125523741095511e-01
4.000000000000000000e+00 1.000000000000000000e+01 0.000000000000000000e+00
4.000000000000000000e+00 1.100000000000000000e+01 0.000000000000000000e+00
4.000000000000000000e+00 1.200000000000000000e+01 0.000000000000000000e+00
4.000000000000000000e+00 1.300000000000000000e+01 0.000000000000000000e+00
4.000000000000000000e+00 1.400000000000000000e+01 0.000000000000000000e+00
4.000000000000000000e+00 1.500000000000000000e+01 0.000000000000000000e+00
4.000000000000000000e+00 1.600000000000000000e+01 0.000000000000000000e+00
4.000000000000000000e+00 1.700000000000000000e+01 0.000000000000000000e+00
4.000000000000000000e+00 1.800000000000000000e+01 0.000000000000000000e+00
4.000000000000000000e+00 1.900000000000000000e+01 0.000000000000000000e+00
4.000000000000000000e+00 2.000000000000000000e+01 0.000000000000000000e+00
4.000000000000000000e+00 2.100000000000000000e+01 0.000000000000000000e+00
4.000000000000000000e+00 2.200000000000000000e+01 0.000000000000000000e+00
4.000000000000000000e+00 2.300000000000000000e+01 0.000000000000000000e+00
4.000000000000000000e+00 2.400000000000000000e+01 0.000000000000000000e+00
5.000000000000000000e+00 0.000000000000000000e+00 3.192308999752780929e-01
5.000000000000000000e+00 1.000000000000000000e+00 0.000000000000000000e+00
5.000000000000000000e+00 2.000000000000000000e+00 0.000000000000000000e+00
5.000000000000000000e+00 3.000000000000000000e+00 0.000000000000000000e+00
5.000000000000000000e+00 4.000000000000000000e+00 0.000000000000000000e+00
5.000000000000000000e+00 5.000000000000000000e+00 0.000000000000000000e+00
5.000000000000000000e+00 6.000000000000000000e+00 3.240441006878789776e-01
5.000000000000000000e+00 7.000000000000000000e+00 0.000000000000000000e+00
5.000000000000000000e+00 8.000000000000000000e+00 0.000000000000000000e+00
5.000000000000000000e+00 9.000000000000000000e+00 0.000000000000000000e+00
5.000000000000000000e+00 1.000000000000000000e+01 3.269641409913446317e-01
5.000000000000000000e+00 1.100000000000000000e+01 0.000000000000000000e+00
5.000000000000000000e+00 1.200000000000000000e+01 0.000000000000000000e+00
5.000000000000000000e+00 1.300000000000000000e+01 0.000000000000000000e+00
5.000000000000000000e+00 1.400000000000000000e+01 0.000000000000000000e+00
5.000000000000000000e+00 1.500000000000000000e+01 0.000000000000000000e+00
5.000000000000000000e+00 1.600000000000000000e+01 0.000000000000000000e+00
5.000000000000000000e+00 1.700000000000000000e+01 0.000000000000000000e+00
5.000000000000000000e+00 1.800000000000000000e+01 0.000000000000000000e+00
5.000000000000000000e+00 1.900000000000000000e+01 0.000000000000000000e+00
5.000000000000000000e+00 2.000000000000000000e+01 0.000000000000000000e+00
5.000000000000000000e+00 2.100000000000000000e+01 0.000000000000000000e+00
5.000000000000000000e+00 2.200000000000000000e+01 0.000000000000000000e+00
5.000000000000000000e+00 2.300000000000000000e+01 0.000000000000000000e+00
5.000000000000000000e+00 2.400000000000000000e+01 0.000000000000000000e+00
6.000000000000000000e+00 0.000000000000000000e+00 0.000000000000000000e+00
6.000000000000000000e+00 1.000000000000000000e+00 2.113200316807225532e-01
6.000000000000000000e+00 2.000000000000000000e+00 0.000000000000000000e+00
6.000000000000000000e+00 3.000000000000000000e+00 0.000000000000000000e+00
6.000000000000000000e+00 4.000000000000000000e+00 0.000000000000000000e+00
6.000000000000000000e+00 5.000000000000000000e+00 3.754048649394342019e-01
6.000000000000000000e+00 6.000000000000000000e+00 0.000000000000000000e+00
6.000000000000000000e+00 7.000000000000000000e+00 3.423332145885281674e-01
6.000000000000000000e+00 8.000000000000000000e+00 0.000000000000000000e+00
6.000000000000000000e+00 9.000000000000000000e+00 0.000000000000000000e+00
6.000000000000000000e+00 1.000000000000000000e+01 0.000000000000000000e+00
6.000000000000000000e+00 1.100000000000000000e+01 2.416086089961186345e-01
6.000000000000000000e+00 1.200000000000000000e+01 0.000000000000000000e+00
6.000000000000000000e+00 1.300000000000000000e+01 0.000000000000000000e+00
6.000000000000000000e+00 1.400000000000000000e+01 0.000000000000000000e+00
6.000000000000000000e+00 1.500000000000000000e+01 0.000000000000000000e+00
6.000000000000000000e+00 1.600000000000000000e+01 0.000000000000000000e+00
6.000000000000000000e+00 1.700000000000000000e+01 0.000000000000000000e+00
6.000000000000000000e+00 1.800000000000000000e+01 0.000000000000000000e+00
6.000000000000000000e+00 1.900000000000000000e+01 0.000000000000000000e+00
6.000000000000000000e+00 2.000000000000000000e+01 0.000000000000000000e+00
6.000000000000000000e+00 2.100000000000000000e+01 0.000000000000000000e+00
6.000000000000000000e+00 2.200000000000000000e+01 0.000000000000000000e+00
6.000000000000000000e+00 2.300000000000000000e+01 0.000000000000000000e+00
6.000000000000000000e+00 2.400000000000000000e+01 0.000000000000000000e+00
7.000000000000000000e+00 0.000000000000000000e+00 0.000000000000000000e+00
7.000000000000000000e+00 1.000000000000000000e+00 0.000000000000000000e+00
7.000000000000000000e+00 2.000000000000000000e+00 3.265402743406353725e-01
7.000000000000000000e+00 3.000000000000000000e+00 0.000000000000000000e+00
7.000000000000000000e+00 4.000000000000000000e+00 0.000000000000000000e+00
7.000000000000000000e+00 5.000000000000000000e+00 0.000000000000000000e+00
7.000000000000000000e+00 6.000000000000000000e+00 2.633261482301417766e-01
7.000000000000000000e+00 7.000000000000000000e+00 0.000000000000000000e+00
7.000000000000000000e+00 8.000000000000000000e+00 2.358001091476432942e-01
7.000000000000000000e+00 9.000000000000000000e+00 0.000000000000000000e+00
7.000000000000000000e+00 1.000000000000000000e+01 0.000000000000000000e+00
7.000000000000000000e+00 1.100000000000000000e+01 0.000000000000000000e+00
7.000000000000000000e+00 1.200000000000000000e+01 2.204176811663069724e-01
7.000000000000000000e+00 1.300000000000000000e+01 0.000000000000000000e+00
7.000000000000000000e+00 1.400000000000000000e+01 0.000000000000000000e+00
7.000000000000000000e+00 1.500000000000000000e+01 0.000000000000000000e+00
7.000000000000000000e+00 1.600000000000000000e+01 0.000000000000000000e+00
7.000000000000000000e+00 1.700000000000000000e+01 0.000000000000000000e+00
7.000000000000000000e+00 1.800000000000000000e+01 0.000000000000000000e+00
7.000000000000000000e+00 1.900000000000000000e+01 0.000000000000000000e+00
7.000000000000000000e+00 2.000000000000000000e+01 0.000000000000000000e+00
7.000000000000000000e+00 2.100000000000000000e+01 0.000000000000000000e+00
7.000000000000000000e+00 2.200000000000000000e+01 0.000000000000000000e+00
7.000000000000000000e+00 2.300000000000000000e+01 0.000000000000000000e+00
7.000000000000000000e+00 2.400000000000000000e+01 0.000000000000000000e+00
8.000000000000000000e+00 0.000000000000000000e+00 0.000000000000000000e+00
8.000000000000000000e+00 1.000000000000000000e+00 0.000000000000000000e+00
8.000000000000000000e+00 2.000000000000000000e+00 0.000000000000000000e+00
8.000000000000000000e+00 3.000000000000000000e+00 2.333164838833845511e-01
8.000000000000000000e+00 4.000000000000000000e+00 0.000000000000000000e+00
8.000000000000000000e+00 5.000000000000000000e+00 0.000000000000000000e+00
8.000000000000000000e+00 6.000000000000000000e+00 0.000000000000000000e+00
8.000000000000000000e+00 7.000000000000000000e+00 3.599187748676178633e-01
8.000000000000000000e+00 8.000000000000000000e+00 0.000000000000000000e+00
8.000000000000000000e+00 9.000000000000000000e+00 2.656048448374475068e-01
8.000000000000000000e+00 1.000000000000000000e+01 0.000000000000000000e+00
8.000000000000000000e+00 1.100000000000000000e+01 0.000000000000000000e+00
8.000000000000000000e+00 1.200000000000000000e+01 0.000000000000000000e+00
8.000000000000000000e+00 1.300000000000000000e+01 2.581819096933375413e-01
8.000000000000000000e+00 1.400000000000000000e+01 0.000000000000000000e+00
8.000000000000000000e+00 1.500000000000000000e+01 0.000000000000000000e+00
8.000000000000000000e+00 1.600000000000000000e+01 0.000000000000000000e+00
8.000000000000000000e+00 1.700000000000000000e+01 0.000000000000000000e+00
8.000000000000000000e+00 1.800000000000000000e+01 0.000000000000000000e+00
8.000000000000000000e+00 1.900000000000000000e+01 0.000000000000000000e+00
8.000000000000000000e+00 2.000000000000000000e+01 0.000000000000000000e+00
8.000000000000000000e+00 2.100000000000000000e+01 0.000000000000000000e+00
8.000000000000000000e+00 2.200000000000000000e+01 0.000000000000000000e+00
8.000000000000000000e+00 2.300000000000000000e+01 0.000000000000000000e+00
8.000000000000000000e+00 2.400000000000000000e+01 0.000000000000000000e+00
9.000000000000000000e+00 0.000000000000000000e+00 0.000000000000000000e+00
9.000000000000000000e+00 1.000000000000000000e+00 0.000000000000000000e+00
9.000000000000000000e+00 2.000000000000000000e+00 0.000000000000000000e+00
9.000000000000000000e+00 3.000000000000000000e+00 0.000000000000000000e+00
9.000000000000000000e+00 4.000000000000000000e+00 3.534434884213952799e-01
9.000000000000000000e+00 5.000000000000000000e+00 0.000000000000000000e+00
9.000000000000000000e+00 6.000000000000000000e+00 0.000000000000000000e+00
9.000000000000000000e+00 7.000000000000000000e+00 0.000000000000000000e+00
9.000000000000000000e+00 8.000000000000000000e+00 3.710190737130605876e-01
9.000000000000000000e+00 9.000000000000000000e+00 0.000000000000000000e+00
9.000000000000000000e+00 1.000000000000000000e+01 0.000000000000000000e+00
9.000000000000000000e+00 1.100000000000000000e+01 0.000000000000000000e+00
9.000000000000000000e+00 1.200000000000000000e+01 0.000000000000000000e+00
9.000000000000000000e+00 1.300000000000000000e+01 0.000000000000000000e+00
9.000000000000000000e+00 1.400000000000000000e+01 3.700913848303640785e-01
9.000000000000000000e+00 1.500000000000000000e+01 0.000000000000000000e+00
9.000000000000000000e+00 1.600000000000000000e+01 0.000000000000000000e+00
9.000000000000000000e+00 1.700000000000000000e+01 0.000000000000000000e+00
9.000000000000000000e+00 1.800000000000000000e+01 0.000000000000000000e+00
9.000000000000000000e+00 1.900000000000000000e+01 0.000000000000000000e+00
9.000000000000000000e+00 2.000000000000000000e+01 0.000000000000000000e+00
9.000000000000000000e+00 2.100000000000000000e+01 0.000000000000000000e+00
9.000000000000000000e+00 2.200000000000000000e+01 0.000000000000000000e+00
9.000000000000000000e+00 2.300000000000000000e+01 0.000000000000000000e+00
9.000000000000000000e+00 2.400000000000000000e+01 0.000000000000000000e+00
1.000000000000000000e+01 0.000000000000000000e+00 0.000000000000000000e+00
1.000000000000000000e+01 1.000000000000000000e+00 0.000000000000000000e+00
1.000000000000000000e+01 2.000000000000000000e+00 0.000000000000000000e+00
1.000000000000000000e+01 3.000000000000000000e+00 0.000000000000000000e+00
1.000000000000000000e+01 4.000000000000000000e+00 0.000000000000000000e+00
1.000000000000000000e+01 5.000000000000000000e+00 3.381483246024861167e-01
1.000000000000000000e+01 6.000000000000000000e+00 0.000000000000000000e+00
1.000000000000000000e+01 7.000000000000000000e+00 0.000000000000000000e+00
1.000000000000000000e+01 8.000000000000000000e+00 0.000000000000000000e+00
1.000000000000000000e+01 9.000000000000000000e+00 0.000000000000000000e+00
1.000000000000000000e+01 1.000000000000000000e+01 0.000000000000000000e+00
1.000000000000000000e+01 1.100000000000000000e+01 3.571595818573655157e-01
1.000000000000000000e+01 1.200000000000000000e+01 0.000000000000000000e+00
1.000000000000000000e+01 1.300000000000000000e+01 0.000000000000000000e+00
1.000000000000000000e+01 1.400000000000000000e+01 0.000000000000000000e+00
1.000000000000000000e+01 1.500000000000000000e+01 3.783699967571959588e-01
1.000000000000000000e+01 1.600000000000000000e+01 0.000000000000000000e+00
1.000000000000000000e+01 1.700000000000000000e+01 0.000000000000000000e+00
1.000000000000000000e+01 1.800000000000000000e+01 0.000000000000000000e+00
1.000000000000000000e+01 1.900000000000000000e+01 0.000000000000000000e+00
1.000000000000000000e+01 2.000000000000000000e+01 0.000000000000000000e+00
1.000000000000000000e+01 2.100000000000000000e+01 0.000000000000000000e+00
1.000000000000000000e+01 2.200000000000000000e+01 0.000000000000000000e+00
1.000000000000000000e+01 2.300000000000000000e+01 0.000000000000000000e+00
1.000000000000000000e+01 2.400000000000000000e+01 0.000000000000000000e+00
1.100000000000000000e+01 0.000000000000000000e+00 0.000000000000000000e+00
1.100000000000000000e+01 1.000000000000000000e+00 0.000000000000000000e+00
1.100000000000000000e+01 2.000000000000000000e+00 0.000000000000000000e+00
1.100000000000000000e+01 3.000000000000000000e+00 0.000000000000000000e+00
1.100000000000000000e+01 4.000000000000000000e+00 0.000000000000000000e+00
1.100000000000000000e+01 5.000000000000000000e+00 0.000000000000000000e+00
1.100000000000000000e+01 6.000000000000000000e+00 3.619597988328956406e-01
1.100000000000000000e+01 7.000000000000000000e+00 0.000000000000000000e+00
1.100000000000000000e+01 8.000000000000000000e+00 0.000000000000000000e+00
1.100000000000000000e+01 9.000000000000000000e+00 0.000000000000000000e+00
1.100000000000000000e+01 1.000000000000000000e+01 3.405169809031541872e-01
1.100000000000000000e+01 1.100000000000000000e+01 0.000000000000000000e+00
1.100000000000000000e+01 1.200000000000000000e+01 2.367689588097038889e-01
1.100000000000000000e+01 1.300000000000000000e+01 0.000000000000000000e+00
1.100000000000000000e+01 1.400000000000000000e+01 0.000000000000000000e+00
1.100000000000000000e+01 1.500000000000000000e+01 0.000000000000000000e+00
1.100000000000000000e+01 1.600000000000000000e+01 2.999578750095615032e-01
1.100000000000000000e+01 1.700000000000000000e+01 0.000000000000000000e+00
1.100000000000000000e+01 1.800000000000000000e+01 0.000000000000000000e+00
1.100000000000000000e+01 1.900000000000000000e+01 0.000000000000000000e+00
1.100000000000000000e+01 2.000000000000000000e+01 0.000000000000000000e+00
1.100000000000000000e+01 2.100000000000000000e+01 0.000000000000000000e+00
1.100000000000000000e+01 2.200000000000000000e+01 0.000000000000000000e+00
1.100000000000000000e+01 2.300000000000000000e+01 0.000000000000000000e+00
1.100000000000000000e+01 2.400000000000000000e+01 0.000000000000000000e+00
1.200000000000000000e+01 0.000000000000000000e+00 0.000000000000000000e+00
1.200000000000000000e+01 1.000000000000000000e+00 0.000000000000000000e+00
1.200000000000000000e+01 2.000000000000000000e+00 0.000000000000000000e+00
1.200000000000000000e+01 3.000000000000000000e+00 0.000000000000000000e+00
1.200000000000000000e+01 4.000000000000000000e+00 0.000000000000000000e+00
1.200000000000000000e+01 5.000000000000000000e+00 0.000000000000000000e+00
1.200000000000000000e+01 6.000000000000000000e+00 0.000000000000000000e+00
1.200000000000000000e+01 7.000000000000000000e+00 2.941495195633221926e-01
1.200000000000000000e+01 8.000000000000000000e+00 0.000000000000000000e+00
1.200000000000000000e+01 9.000000000000000000e+00 0.000000000000000000e+00
1.200000000000000000e+01 1.000000000000000000e+01 0.000000000000000000e+00
1.200000000000000000e+01 1.100000000000000000e+01 3.048257122851789624e-01
1.200000000000000000e+01 1.200000000000000000e+01 0.000000000000000000e+00
1.200000000000000000e+01 1.300000000000000000e+01 2.947224715188419553e-01
1.200000000000000000e+01 1.400000000000000000e+01 0.000000000000000000e+00
1.200000000000000000e+01 1.500000000000000000e+01 0.000000000000000000e+00
1.200000000000000000e+01 1.600000000000000000e+01 0.000000000000000000e+00
1.200000000000000000e+01 1.700000000000000000e+01 3.228159621990990269e-01
1.200000000000000000e+01 1.800000000000000000e+01 0.000000000000000000e+00
1.200000000000000000e+01 1.900000000000000000e+01 0.000000000000000000e+00
1.200000000000000000e+01 2.000000000000000000e+01 0.000000000000000000e+00
1.200000000000000000e+01 2.100000000000000000e+01 0.000000000000000000e+00
1.200000000000000000e+01 2.200000000000000000e+01 0.000000000000000000e+00
1.200000000000000000e+01 2.300000000000000000e+01 0.000000000000000000e+00
1.200000000000000000e+01 2.400000000000000000e+01 0.000000000000000000e+00
1.300000000000000000e+01 0.000000000000000000e+00 0.000000000000000000e+00
1.300000000000000000e+01 1.000000000000000000e+00 0.000000000000000000e+00
1.300000000000000000e+01 2.000000000000000000e+00 0.000000000000000000e+00
1.300000000000000000e+01 3.000000000000000000e+00 0.000000000000000000e+00
1.300000000000000000e+01 4.000000000000000000e+00 0.000000000000000000e+00
1.300000000000000000e+01 5.000000000000000000e+00 0.000000000000000000e+00
1.300000000000000000e+01 6.000000000000000000e+00 0.000000000000000000e+00
1.300000000000000000e+01 7.000000000000000000e+00 0.000000000000000000e+00
1.300000000000000000e+01 8.000000000000000000e+00 3.874601278883023636e-01
1.300000000000000000e+01 9.000000000000000000e+00 0.000000000000000000e+00
1.300000000000000000e+01 1.000000000000000000e+01 0.000000000000000000e+00
1.300000000000000000e+01 1.100000000000000000e+01 0.000000000000000000e+00
1.300000000000000000e+01 1.200000000000000000e+01 2.517092939832840659e-01
1.300000000000000000e+01 1.300000000000000000e+01 0.000000000000000000e+00
1.300000000000000000e+01 1.400000000000000000e+01 2.228230750134008176e-01
1.300000000000000000e+01 1.500000000000000000e+01 0.000000000000000000e+00
1.300000000000000000e+01 1.600000000000000000e+01 0.000000000000000000e+00
1.300000000000000000e+01 1.700000000000000000e+01 0.000000000000000000e+00
1.300000000000000000e+01 1.800000000000000000e+01 3.025940009175597245e-01
1.300000000000000000e+01 1.900000000000000000e+01 0.000000000000000000e+00
1.300000000000000000e+01 2.000000000000000000e+01 0.000000000000000000e+00
1.300000000000000000e+01 2.100000000000000000e+01 0.000000000000000000e+00
1.300000000000000000e+01 2.200000000000000000e+01 0.000000000000000000e+00
1.300000000000000000e+01 2.300000000000000000e+01 0.000000000000000000e+00
1.300000000000000000e+01 2.400000000000000000e+01 0.000000000000000000e+00
1.400000000000000000e+01 0.000000000000000000e+00 0.000000000000000000e+00
1.400000000000000000e+01 1.000000000000000000e+00 0.000000000000000000e+00
1.400000000000000000e+01 2.000000000000000000e+00 0.000000000000000000e+00
1.400000000000000000e+01 3.000000000000000000e+00 0.000000000000000000e+00
1.400000000000000000e+01 4.000000000000000000e+00 0.000000000000000000e+00
1.400000000000000000e+01 5.000000000000000000e+00 0.000000000000000000e+00
1.400000000000000000e+01 6.000000000000000000e+00 0.000000000000000000e+00
1.400000000000000000e+01 7.000000000000000000e+00 0.000000000000000000e+00
1.400000000000000000e+01 8.000000000000000000e+00 0.000000000000000000e+00
1.400000000000000000e+01 9.000000000000000000e+00 2.482723172360933039e-01
1.400000000000000000e+01 1.000000000000000000e+01 0.000000000000000000e+00
1.400000000000000000e+01 1.100000000000000000e+01 0.000000000000000000e+00
1.400000000000000000e+01 1.200000000000000000e+01 0.000000000000000000e+00
1.400000000000000000e+01 1.300000000000000000e+01 2.718579045738190869e-01
1.400000000000000000e+01 1.400000000000000000e+01 0.000000000000000000e+00
1.400000000000000000e+01 1.500000000000000000e+01 0.000000000000000000e+00
1.400000000000000000e+01 1.600000000000000000e+01 0.000000000000000000e+00
1.400000000000000000e+01 1.700000000000000000e+01 0.000000000000000000e+00
1.400000000000000000e+01 1.800000000000000000e+01 0.000000000000000000e+00
1.400000000000000000e+01 1.900000000000000000e+01 2.392851466495931334e-01
1.400000000000000000e+01 2.000000000000000000e+01 0.000000000000000000e+00
1.400000000000000000e+01 2.100000000000000000e+01 0.000000000000000000e+00
1.400000000000000000e+01 2.200000000000000000e+01 0.000000000000000000e+00
1.400000000000000000e+01 2.300000000000000000e+01 0.000000000000000000e+00
1.400000000000000000e+01 2.400000000000000000e+01 0.000000000000000000e+00
1.500000000000000000e+01 0.000000000000000000e+00 0.000000000000000000e+00
1.500000000000000000e+01 1.000000000000000000e+00 0.000000000000000000e+00
1.500000000000000000e+01 2.000000000000000000e+00 0.000000000000000000e+00
1.500000000000000000e+01 3.000000000000000000e+00 0.000000000000000000e+00
1.500000000000000000e+01 4.000000000000000000e+00 0.000000000000000000e+00
1.500000000000000000e+01 5.000000000000000000e+00 0.000000000000000000e+00
1.500000000000000000e+01 6.000000000000000000e+00 0.000000000000000000e+00
1.500000000000000000e+01 7.000000000000000000e+00 0.000000000000000000e+00
1.500000000000000000e+01 8.000000000000000000e+00 0.000000000000000000e+00
1.500000000000000000e+01 9.000000000000000000e+00 0.000000000000000000e+00
1.500000000000000000e+01 1.000000000000000000e+01 2.790442207555446363e-01
1.500000000000000000e+01 1.100000000000000000e+01 0.000000000000000000e+00
1.500000000000000000e+01 1.200000000000000000e+01 0.000000000000000000e+00
1.500000000000000000e+01 1.300000000000000000e+01 0.000000000000000000e+00
1.500000000000000000e+01 1.400000000000000000e+01 0.000000000000000000e+00
1.500000000000000000e+01 1.500000000000000000e+01 0.000000000000000000e+00
1.500000000000000000e+01 1.600000000000000000e+01 2.570705252429639764e-01
1.500000000000000000e+01 1.700000000000000000e+01 0.000000000000000000e+00
1.500000000000000000e+01 1.800000000000000000e+01 0.000000000000000000e+00
1.500000000000000000e+01 1.900000000000000000e+01 0.000000000000000000e+00
1.500000000000000000e+01 2.000000000000000000e+01 2.671535952684777060e-01
1.500000000000000000e+01 2.100000000000000000e+01 0.000000000000000000e+00
1.500000000000000000e+01 2.200000000000000000e+01 0.000000000000000000e+00
1.500000000000000000e+01 2.300000000000000000e+01 0.000000000000000000e+00
1.500000000000000000e+01 2.400000000000000000e+01 0.000000000000000000e+00
1.600000000000000000e+01 0.000000000000000000e+00 0.000000000000000000e+00
1.600000000000000000e+01 1.000000000000000000e+00 0.000000000000000000e+00
1.600000000000000000e+01 2.000000000000000000e+00 0.000000000000000000e+00
1.600000000000000000e+01 3.000000000000000000e+00 0.000000000000000000e+00
1.600000000000000000e+01 4.000000000000000000e+00 0.000000000000000000e+00
1.600000000000000000e+01 5.000000000000000000e+00 0.000000000000000000e+00
1.600000000000000000e+01 6.000000000000000000e+00 0.000000000000000000e+00
1.600000000000000000e+01 7.000000000000000000e+00 0.000000000000000000e+00
1.600000000000000000e+01 8.000000000000000000e+00 0.000000000000000000e+00
1.600000000000000000e+01 9.000000000000000000e+00 0.000000000000000000e+00
1.600000000000000000e+01 1.000000000000000000e+01 0.000000000000000000e+00
1.600000000000000000e+01 1.100000000000000000e+01 2.727212580439726253e-01
1.600000000000000000e+01 1.200000000000000000e+01 0.000000000000000000e+00
1.600000000000000000e+01 1.300000000000000000e+01 0.000000000000000000e+00
1.600000000000000000e+01 1.400000000000000000e+01 0.000000000000000000e+00
1.600000000000000000e+01 1.500000000000000000e+01 3.296663669355163195e-01
1.600000000000000000e+01 1.600000000000000000e+01 0.000000000000000000e+00
1.600000000000000000e+01 1.700000000000000000e+01 2.100093406492376247e-01
1.600000000000000000e+01 1.800000000000000000e+01 0.000000000000000000e+00
1.600000000000000000e+01 1.900000000000000000e+01 0.000000000000000000e+00
1.600000000000000000e+01 2.000000000000000000e+01 0.000000000000000000e+00
1.600000000000000000e+01 2.100000000000000000e+01 2.269333225089504857e-01
1.600000000000000000e+01 2.200000000000000000e+01 0.000000000000000000e+00
1.600000000000000000e+01 2.300000000000000000e+01 0.000000000000000000e+00
1.600000000000000000e+01 2.400000000000000000e+01 0.000000000000000000e+00
1.700000000000000000e+01 0.000000000000000000e+00 0.000000000000000000e+00
1.700000000000000000e+01 1.000000000000000000e+00 0.000000000000000000e+00
1.700000000000000000e+01 2.000000000000000000e+00 0.000000000000000000e+00
1.700000000000000000e+01 3.000000000000000000e+00 0.000000000000000000e+00
1.700000000000000000e+01 4.000000000000000000e+00 0.000000000000000000e+00
1.700000000000000000e+01 5.000000000000000000e+00 0.000000000000000000e+00
1.700000000000000000e+01 6.000000000000000000e+00 0.000000000000000000e+00
1.700000000000000000e+01 7.000000000000000000e+00 0.000000000000000000e+00
1.700000000000000000e+01 8.000000000000000000e+00 0.000000000000000000e+00
1.700000000000000000e+01 9.000000000000000000e+00 0.000000000000000000e+00
1.700000000000000000e+01 1.000000000000000000e+01 0.000000000000000000e+00
1.700000000000000000e+01 1.100000000000000000e+01 0.000000000000000000e+00
1.700000000000000000e+01 1.200000000000000000e+01 3.070970682715934430e-01
1.700000000000000000e+01 1.300000000000000000e+01 0.000000000000000000e+00
1.700000000000000000e+01 1.400000000000000000e+01 0.000000000000000000e+00
1.700000000000000000e+01 1.500000000000000000e+01 0.000000000000000000e+00
1.700000000000000000e+01 1.600000000000000000e+01 2.055271844899827505e-01
1.700000000000000000e+01 1.700000000000000000e+01 0.000000000000000000e+00
1.700000000000000000e+01 1.800000000000000000e+01 3.180671068551097491e-01
1.700000000000000000e+01 1.900000000000000000e+01 0.000000000000000000e+00
1.700000000000000000e+01 2.000000000000000000e+01 0.000000000000000000e+00
1.700000000000000000e+01 2.100000000000000000e+01 0.000000000000000000e+00
1.700000000000000000e+01 2.200000000000000000e+01 2.220131380397284970e-01
1.700000000000000000e+01 2.300000000000000000e+01 0.000000000000000000e+00
1.700000000000000000e+01 2.400000000000000000e+01 0.000000000000000000e+00
1.800000000000000000e+01 0.000000000000000000e+00 0.000000000000000000e+00
1.800000000000000000e+01 1.000000000000000000e+00 0.000000000000000000e+00
1.800000000000000000e+01 2.000000000000000000e+00 0.000000000000000000e+00
1.800000000000000000e+01 3.000000000000000000e+00 0.000000000000000000e+00
1.800000000000000000e+01 4.000000000000000000e+00 0.000000000000000000e+00
1.800000000000000000e+01 5.000000000000000000e+00 0.000000000000000000e+00
1.800000000000000000e+01 6.000000000000000000e+00 0.000000000000000000e+00
1.800000000000000000e+01 7.000000000000000000e+00 0.000000000000000000e+00
1.800000000000000000e+01 8.000000000000000000e+00 0.000000000000000000e+00
1.800000000000000000e+01 9.000000000000000000e+00 0.000000000000000000e+00
1.800000000000000000e+01 1.000000000000000000e+01 0.000000000000000000e+00
1.800000000000000000e+01 1.100000000000000000e+01 0.000000000000000000e+00
1.800000000000000000e+01 1.200000000000000000e+01 0.000000000000000000e+00
1.800000000000000000e+01 1.300000000000000000e+01 3.822592348953908759e-01
1.800000000000000000e+01 1.400000000000000000e+01 0.000000000000000000e+00
1.800000000000000000e+01 1.500000000000000000e+01 0.000000000000000000e+00
1.800000000000000000e+01 1.600000000000000000e+01 0.000000000000000000e+00
1.800000000000000000e+01 1.700000000000000000e+01 3.166889905575769326e-01
1.800000000000000000e+01 1.800000000000000000e+01 0.000000000000000000e+00
1.800000000000000000e+01 1.900000000000000000e+01 2.297286151780921770e-01
1.800000000000000000e+01 2.000000000000000000e+01 0.000000000000000000e+00
1.800000000000000000e+01 2.100000000000000000e+01 0.000000000000000000e+00
1.800000000000000000e+01 2.200000000000000000e+01 0.000000000000000000e+00
1.800000000000000000e+01 2.300000000000000000e+01 3.850887693716640303e-01
1.800000000000000000e+01 2.400000000000000000e+01 0.000000000000000000e+00
1.900000000000000000e+01 0.000000000000000000e+00 0.000000000000000000e+00
1.900000000000000000e+01 1.000000000000000000e+00 0.000000000000000000e+00
1.900000000000000000e+01 2.000000000000000000e+00 0.000000000000000000e+00
1.900000000000000000e+01 3.000000000000000000e+00 0.000000000000000000e+00
1.900000000000000000e+01 4.000000000000000000e+00 0.000000000000000000e+00
1.900000000000000000e+01 5.000000000000000000e+00 0.000000000000000000e+00
1.900000000000000000e+01 6.000000000000000000e+00 0.000000000000000000e+00
1.900000000000000000e+01 7.000000000000000000e+00 0.000000000000000000e+00
1.900000000000000000e+01 8.000000000000000000e+00 0.000000000000000000e+00
1.900000000000000000e+01 9.000000000000000000e+00 0.000000000000000000e+00
1.900000000000000000e+01 1.000000000000000000e+01 0.000000000000000000e+00
1.900000000000000000e+01 1.100000000000000000e+01 0.000000000000000000e+00
1.900000000000000000e+01 1.200000000000000000e+01 0.000000000000000000e+00
1.900000000000000000e+01 1.300000000000000000e+01 0.000000000000000000e+00
1.900000000000000000e+01 1.400000000000000000e+01 2.929772074286184358e-01
1.900000000000000000e+01 1.500000000000000000e+01 0.000000000000000000e+00
1.900000000000000000e+01 1.600000000000000000e+01 0.000000000000000000e+00
1.900000000000000000e+01 1.700000000000000000e+01 0.000000000000000000e+00
1.900000000000000000e+01 1.800000000000000000e+01 3.873284913154156350e-01
1.900000000000000000e+01 1.900000000000000000e+01 0.000000000000000000e+00
1.900000000000000000e+01 2.000000000000000000e+01 0.000000000000000000e+00
1.900000000000000000e+01 2.100000000000000000e+01 0.000000000000000000e+00
1.900000000000000000e+01 2.200000000000000000e+01 0.000000000000000000e+00
1.900000000000000000e+01 2.300000000000000000e+01 0.000000000000000000e+00
1.900000000000000000e+01 2.400000000000000000e+01 2.950033030931955569e-01
2.000000000000000000e+01 0.000000000000000000e+00 0.000000000000000000e+00
2.000000000000000000e+01 1.000000000000000000e+00 0.000000000000000000e+00
2.000000000000000000e+01 2.000000000000000000e+00 0.000000000000000000e+00
2.000000000000000000e+01 3.000000000000000000e+00 0.000000000000000000e+00
2.000000000000000000e+01 4.000000000000000000e+00 0.000000000000000000e+00
2.000000000000000000e+01 5.000000000000000000e+00 0.000000000000000000e+00
2.000000000000000000e+01 6.000000000000000000e+00 0.000000000000000000e+00
2.000000000000000000e+01 7.000000000000000000e+00 0.000000000000000000e+00
2.000000000000000000e+01 8.000000000000000000e+00 0.000000000000000000e+00
2.000000000000000000e+01 9.000000000000000000e+00 0.000000000000000000e+00
2.000000000000000000e+01 1.000000000000000000e+01 0.000000000000000000e+00
2.000000000000000000e+01 1.100000000000000000e+01 0.000000000000000000e+00
2.000000000000000000e+01 1.200000000000000000e+01 0.000000000000000000e+00
2.000000000000000000e+01 1.300000000000000000e+01 0.000000000000000000e+00
2.000000000000000000e+01 1.400000000000000000e+01 0.000000000000000000e+00
2.000000000000000000e+01 1.500000000000000000e+01 3.811089698205891163e-01
2.000000000000000000e+01 1.600000000000000000e+01 0.000000000000000000e+00
2.000000000000000000e+01 1.700000000000000000e+01 0.000000000000000000e+00
2.000000000000000000e+01 1.800000000000000000e+01 0.000000000000000000e+00
2.000000000000000000e+01 1.900000000000000000e+01 0.000000000000000000e+00
2.000000000000000000e+01 2.000000000000000000e+01 0.000000000000000000e+00
2.000000000000000000e+01 2.100000000000000000e+01 2.976140817898689228e-01
2.000000000000000000e+01 2.200000000000000000e+01 0.000000000000000000e+00
2.000000000000000000e+01 2.300000000000000000e+01 0.000000000000000000e+00
2.000000000000000000e+01 2.400000000000000000e+01 0.000000000000000000e+00
2.100000000000000000e+01 0.000000000000000000e+00 0.000000000000000000e+00
2.100000000000000000e+01 1.000000000000000000e+00 0.000000000000000000e+00
2.100000000000000000e+01 2.000000000000000000e+00 0.000000000000000000e+00
2.100000000000000000e+01 3.000000000000000000e+00 0.000000000000000000e+00
2.100000000000000000e+01 4.000000000000000000e+00 0.000000000000000000e+00
2.100000000000000000e+01 5.000000000000000000e+00 0.000000000000000000e+00
2.100000000000000000e+01 6.000000000000000000e+00 0.000000000000000000e+00
2.100000000000000000e+01 7.000000000000000000e+00 0.000000000000000000e+00
2.100000000000000000e+01 8.000000000000000000e+00 0.000000000000000000e+00
2.100000000000000000e+01 9.000000000000000000e+00 0.000000000000000000e+00
2.100000000000000000e+01 1.000000000000000000e+01 0.000000000000000000e+00
2.100000000000000000e+01 1.100000000000000000e+01 0.000000000000000000e+00
2.100000000000000000e+01 1.200000000000000000e+01 0.000000000000000000e+00
2.100000000000000000e+01 1.300000000000000000e+01 0.000000000000000000e+00
2.100000000000000000e+01 1.400000000000000000e+01 0.000000000000000000e+00
2.100000000000000000e+01 1.500000000000000000e+01 0.000000000000000000e+00
2.100000000000000000e+01 1.600000000000000000e+01 2.295027609755388720e-01
2.100000000000000000e+01 1.700000000000000000e+01 0.000000000000000000e+00
2.100000000000000000e+01 1.800000000000000000e+01 0.000000000000000000e+00
2.100000000000000000e+01 1.900000000000000000e+01 0.000000000000000000e+00
2.100000000000000000e+01 2.000000000000000000e+01 3.707763688433795002e-01
2.100000000000000000e+01 2.100000000000000000e+01 0.000000000000000000e+00
2.100000000000000000e+01 2.200000000000000000e+01 3.588664589852987863e-01
2.100000000000000000e+01 2.300000000000000000e+01 0.000000000000000000e+00
2.100000000000000000e+01 2.400000000000000000e+01 0.000000000000000000e+00
2.200000000000000000e+01 0.000000000000000000e+00 0.000000000000000000e+00
2.200000000000000000e+01 1.000000000000000000e+00 0.000000000000000000e+00
2.200000000000000000e+01 2.000000000000000000e+00 0.000000000000000000e+00
2.200000000000000000e+01 3.000000000000000000e+00 0.000000000000000000e+00
2.200000000000000000e+01 4.000000000000000000e+00 0.000000000000000000e+00
2.200000000000000000e+01 5.000000000000000000e+00 0.000000000000000000e+00
2.200000000000000000e+01 6.000000000000000000e+00 0.000000000000000000e+00
2.200000000000000000e+01 7.000000000000000000e+00 0.000000000000000000e+00
2.200000000000000000e+01 8.000000000000000000e+00 0.000000000000000000e+00
2.200000000000000000e+01 9.000000000000000000e+00 0.000000000000000000e+00
2.200000000000000000e+01 1.000000000000000000e+01 0.000000000000000000e+00
2.200000000000000000e+01 1.100000000000000000e+01 0.000000000000000000e+00
2.200000000000000000e+01 1.200000000000000000e+01 0.000000000000000000e+00
2.200000000000000000e+01 1.300000000000000000e+01 0.000000000000000000e+00
2.200000000000000000e+01 1.400000000000000000e+01 0.000000000000000000e+00
2.200000000000000000e+01 1.500000000000000000e+01 0.000000000000000000e+00
2.200000000000000000e+01 1.600000000000000000e+01 0.000000000000000000e+00
2.200000000000000000e+01 1.700000000000000000e+01 3.143022235122408525e-01
2.200000000000000000e+01 1.800000000000000000e+01 0.000000000000000000e+00
2.200000000000000000e+01 1.900000000000000000e+01 0.000000000000000000e+00
2.200000000000000000e+01 2.000000000000000000e+01 0.000000000000000000e+00
2.200000000000000000e+01 2.100000000000000000e+01 2.275417354232318612e-01
2.200000000000000000e+01 2.200000000000000000e+01 0.000000000000000000e+00
2.200000000000000000e+01 2.300000000000000000e+01 3.123656084086626761e-01
2.200000000000000000e+01 2.400000000000000000e+01 0.000000000000000000e+00
2.300000000000000000e+01 0.000000000000000000e+00 0.000000000000000000e+00
2.300000000000000000e+01 1.000000000000000000e+00 0.000000000000000000e+00
2.300000000000000000e+01 2.000000000000000000e+00 0.000000000000000000e+00
2.300000000000000000e+01 3.000000000000000000e+00 0.000000000000000000e+00
2.300000000000000000e+01 4.000000000000000000e+00 0.000000000000000000e+00
2.300000000000000000e+01 5.000000000000000000e+00 0.000000000000000000e+00
2.300000000000000000e+01 6.000000000000000000e+00 0.000000000000000000e+00
2.300000000000000000e+01 7.000000000000000000e+00 0.000000000000000000e+00
2.300000000000000000e+01 8.000000000000000000e+00 0.000000000000000000e+00
2.300000000000000000e+01 9.000000000000000000e+00 0.000000000000000000e+00
2.300000000000000000e+01 1.000000000000000000e+01 0.000000000000000000e+00
2.300000000000000000e+01 1.100000000000000000e+01 0.000000000000000000e+00
2.300000000000000000e+01 1.200000000000000000e+01 0.000000000000000000e+00
2.300000000000000000e+01 1.300000000000000000e+01 0.000000000000000000e+00
2.300000000000000000e+01 1.400000000000000000e+01 0.000000000000000000e+00
2.300000000000000000e+01 1.500000000000000000e+01 0.000000000000000000e+00
2.300000000000000000e+01 1.600000000000000000e+01 0.000000000000000000e+00
2.300000000000000000e+01 1.700000000000000000e+01 0.000000000000000000e+00
2.300000000000000000e+01 1.800000000000000000e+01 3.916230570184931481e-01
2.300000000000000000e+01 1.900000000000000000e+01 0.000000000000000000e+00
2.300000000000000000e+01 2.000000000000000000e+01 0.000000000000000000e+00
2.300000000000000000e+01 2.100000000000000000e+01 0.000000000000000000e+00
2.300000000000000000e+01 2.200000000000000000e+01 2.584596767016266172e-01
2.300000000000000000e+01 2.300000000000000000e+01 0.000000000000000000e+00
2.300000000000000000e+01 2.400000000000000000e+01 3.609780362674848142e-01
2.400000000000000000e+01 0.000000000000000000e+00 0.000000000000000000e+00
2.400000000000000000e+01 1.000000000000000000e+00 0.000000000000000000e+00
2.400000000000000000e+01 2.000000000000000000e+00 0.000000000000000000e+00
2.400000000000000000e+01 3.000000000000000000e+00 0.000000000000000000e+00
2.400000000000000000e+01 4.000000000000000000e+00 0.000000000000000000e+00
2.400000000000000000e+01 5.000000000000000000e+00 0.000000000000000000e+00
2.400000000000000000e+01 6.000000000000000000e+00 0.000000000000000000e+00
2.400000000000000000e+01 7.000000000000000000e+00 0.000000000000000000e+00
2.400000000000000000e+01 8.000000000000000000e+00 0.000000000000000000e+00
2.400000000000000000e+01 9.000000000000000000e+00 0.000000000000000000e+00
2.400000000000000000e+01 1.000000000000000000e+01 0.000000000000000000e+00
2.400000000000000000e+01 1.100000000000000000e+01 0.000000000000000000e+00
2.400000000000000000e+01 1.200000000000000000e+01 0.000000000000000000e+00
2.400000000000000000e+01 1.300000000000000000e+01 0.000000000000000000e+00
2.400000000000000000e+01 1.400000000000000000e+01 0.000000000000000000e+00
2.400000000000000000e+01 1.500000000000000000e+01 0.000000000000000000e+00
2.400000000000000000e+01 1.600000000000000000e+01 0.000000000000000000e+00
2.400000000000000000e+01 1.700000000000000000e+01 0.000000000000000000e+00
2.400000000000000000e+01 1.800000000000000000e+01 0.000000000000000000e+00
2.400000000000000000e+01 1.900000000000000000e+01 3.729537047384733350e-01
2.400000000000000000e+01 2.000000000000000000e+01 0.000000000000000000e+00
2.400000000000000000e+01 2.100000000000000000e+01 0.000000000000000000e+00
2.400000000000000000e+01 2.200000000000000000e+01 0.000000000000000000e+00
2.400000000000000000e+01 2.300000000000000000e+01 3.840423846835018251e-01
2.400000000000000000e+01 2.400000000000000000e+01 0.000000000000000000e+00
