0.000000000000000000e+00 0.000000000000000000e+00 2.718346365750803906e-02
1.000000000000000000e+00 0.000000000000000000e+00 1.472153227532839448e-01
2.000000000000000000e+00 0.000000000000000000e+00 1.519599376078960562e-01
3.000000000000000000e+00 0.000000000000000000e+00 5.879488930757022919e-02
4.000000000000000000e+00 0.000000000000000000e+00 8.384492459111954343e-02
5.000000000000000000e+00 0.000000000000000000e+00 1.938974976394746697e-01
6.000000000000000000e+00 0.000000000000000000e+00 1.122308383893577260e-01
7.000000000000000000e+00 0.000000000000000000e+00 1.886620849138670175e-01
8.000000000000000000e+00 0.000000000000000000e+00 1.645166970759305569e-01
9.000000000000000000e+00 0.000000000000000000e+00 1.941439828145704871e-01
1.000000000000000000e+01 0.000000000000000000e+00 2.415779343823269976e-01
1.100000000000000000e+01 0.000000000000000000e+00 1.575741756374907654e-01
1.200000000000000000e+01 0.000000000000000000e+00 1.170495704866967024e-01
1.300000000000000000e+01 0.000000000000000000e+00 1.992122763110927286e-01
1.400000000000000000e+01 0.000000000000000000e+00 5.358885939157884831e-02
1.500000000000000000e+01 0.000000000000000000e+00 2.632737100721322387e-01
1.600000000000000000e+01 0.000000000000000000e+00 2.573383071492113192e-02
1.700000000000000000e+01 0.000000000000000000e+00 1.312303020640643858e-01
1.800000000000000000e+01 0.000000000000000000e+00 2.219560045230039858e-01
1.900000000000000000e+01 0.000000000000000000e+00 3.632860732877567916e-02
2.000000000000000000e+01 0.000000000000000000e+00 4.310036240433988419e-02
2.100000000000000000e+01 0.000000000000000000e+00 6.419191995224204916e-02
2.200000000000000000e+01 0.000000000000000000e+00 1.993852731749791787e-02
2.300000000000000000e+01 0.000000000000000000e+00 5.983426302735206370e-02
2.400000000000000000e+01 0.000000000000000000e+00 2.268504494713724159e-02
2.500000000000000000e+01 0.000000000000000000e+00 2.434646731822323606e-02
2.600000000000000000e+01 0.000000000000000000e+00 2.139375631403921119e-01
2.700000000000000000e+01 0.000000000000000000e+00 1.675188121690025234e-01
2.800000000000000000e+01 0.000000000000000000e+00 8.321242267574700813e-02
2.900000000000000000e+01 0.000000000000000000e+00 1.465383497311734118e-01
3.000000000000000000e+01 0.000000000000000000e+00 2.116182853632848915e-01
3.100000000000000000e+01 0.000000000000000000e+00 1.787902963199226314e-01
3.200000000000000000e+01 0.000000000000000000e+00 5.280589144518784556e-02
3.300000000000000000e+01 0.000000000000000000e+00 2.399884120588332004e-01
3.400000000000000000e+01 0.000000000000000000e+00 1.576106369420394449e-01
3.500000000000000000e+01 0.000000000000000000e+00 8.335204128304007920e-02
3.600000000000000000e+01 0.000000000000000000e+00 1.916048887830867353e-01
3.700000000000000000e+01 0.000000000000000000e+00 2.817004402673928265e-01
3.800000000000000000e+01 0.000000000000000000e+00 2.179051496308466174e-01
3.900000000000000000e+01 0.000000000000000000e+00 1.182694592341717726e-01
4.000000000000000000e+01 0.000000000000000000e+00 2.053006522503209863e-01
4.100000000000000000e+01 0.000000000000000000e+00 2.051792609245137733e-01
4.200000000000000000e+01 0.000000000000000000e+00 1.348443557329800369e-01
4.300000000000000000e+01 0.000000000000000000e+00 2.841995420136093076e-01
4.400000000000000000e+01 0.000000000000000000e+00 1.473629412181147735e-01
4.500000000000000000e+01 0.000000000000000000e+00 1.759106063531079012e-01
4.600000000000000000e+01 0.000000000000000000e+00 2.358295051964013345e-01
4.700000000000000000e+01 0.000000000000000000e+00 1.770988213219247265e-01
4.800000000000000000e+01 0.000000000000000000e+00 3.845396079721719734e-02
4.900000000000000000e+01 0.000000000000000000e+00 1.191004609395067970e-01
5.000000000000000000e+01 0.000000000000000000e+00 2.919244877967627771e-01
5.100000000000000000e+01 0.000000000000000000e+00 6.113549919879888994e-02
5.200000000000000000e+01 0.000000000000000000e+00 3.595902824839261602e-02
5.300000000000000000e+01 0.000000000000000000e+00 1.040887156489187365e-01
5.400000000000000000e+01 0.000000000000000000e+00 2.692247747751207454e-01
5.500000000000000000e+01 0.000000000000000000e+00 2.678548775137484239e-01
5.600000000000000000e+01 0.000000000000000000e+00 1.046917448548363196e-02
5.700000000000000000e+01 0.000000000000000000e+00 2.175920237218920694e-01
5.800000000000000000e+01 0.000000000000000000e+00 1.008652644443928242e-01
5.900000000000000000e+01 0.000000000000000000e+00 2.670495167212872945e-01
6.000000000000000000e+01 0.000000000000000000e+00 2.994417253278977009e-01
6.100000000000000000e+01 0.000000000000000000e+00 2.450860323005420449e-01
6.200000000000000000e+01 0.000000000000000000e+00 2.052383325329357744e-01
6.300000000000000000e+01 0.000000000000000000e+00 2.775980534826121282e-01
6.400000000000000000e+01 0.000000000000000000e+00 2.703971662703011369e-01
6.500000000000000000e+01 0.000000000000000000e+00 3.006460493311154947e-01
6.600000000000000000e+01 0.000000000000000000e+00 2.824415843124225001e-01
6.700000000000000000e+01 0.000000000000000000e+00 1.946800426674295537e-01
6.800000000000000000e+01 0.000000000000000000e+00 3.522571820912834967e-02
6.900000000000000000e+01 0.000000000000000000e+00 1.767692788439205187e-01
7.000000000000000000e+01 0.000000000000000000e+00 1.773059396307867519e-01
7.100000000000000000e+01 0.000000000000000000e+00 1.439014836439180822e-01
7.200000000000000000e+01 0.000000000000000000e+00 2.055692211360627963e-01
7.300000000000000000e+01 0.000000000000000000e+00 2.714218242023608285e-01
7.400000000000000000e+01 0.000000000000000000e+00 1.410902585776196705e-01
7.500000000000000000e+01 0.000000000000000000e+00 2.201042658743575520e-01
7.600000000000000000e+01 0.000000000000000000e+00 5.327330760540447373e-03
7.700000000000000000e+01 0.000000000000000000e+00 1.479581603735162509e-01
7.800000000000000000e+01 0.000000000000000000e+00 9.527784657091610543e-02
7.900000000000000000e+01 0.000000000000000000e+00 2.969692816932987811e-01
8.000000000000000000e+01 0.000000000000000000e+00 1.485944642124201187e-01
8.100000000000000000e+01 0.000000000000000000e+00 2.418286898191040202e-01
8.200000000000000000e+01 0.000000000000000000e+00 2.432101966939687054e-01
8.300000000000000000e+01 0.000000000000000000e+00 6.018752591367301785e-02
8.400000000000000000e+01 0.000000000000000000e+00 1.504026516113400602e-01
8.500000000000000000e+01 0.000000000000000000e+00 1.053807414003957860e-01
8.600000000000000000e+01 0.000000000000000000e+00 2.321850623563490035e-02
8.700000000000000000e+01 0.000000000000000000e+00 7.661323877411575778e-02
8.800000000000000000e+01 0.000000000000000000e+00 1.911705817804195962e-01
8.900000000000000000e+01 0.000000000000000000e+00 1.705006857086004135e-02
9.000000000000000000e+01 0.000000000000000000e+00 1.008523324878980720e-01
9.100000000000000000e+01 0.000000000000000000e+00 9.074421699909987482e-02
9.200000000000000000e+01 0.000000000000000000e+00 1.421567779389106279e-01
9.300000000000000000e+01 0.000000000000000000e+00 2.337025081350485242e-02
9.400000000000000000e+01 0.000000000000000000e+00 2.416098342876842886e-01
9.500000000000000000e+01 0.000000000000000000e+00 1.635915489411694512e-01
9.600000000000000000e+01 0.000000000000000000e+00 1.082429144922265885e-01
9.700000000000000000e+01 0.000000000000000000e+00 2.642740280949585491e-02
9.800000000000000000e+01 0.000000000000000000e+00 1.452029824708568617e-01
9.900000000000000000e+01 0.000000000000000000e+00 1.751244048210013060e-01
1.000000000000000000e+02 0.000000000000000000e+00 5.780335657437443708e-02
1.010000000000000000e+02 0.000000000000000000e+00 1.379988063562500034e-01
1.020000000000000000e+02 0.000000000000000000e+00 2.273961860532107415e-01
1.030000000000000000e+02 0.000000000000000000e+00 2.287622215043082774e-01
1.040000000000000000e+02 0.000000000000000000e+00 1.666873334085958724e-01
1.050000000000000000e+02 0.000000000000000000e+00 3.728710544212995859e-02
1.060000000000000000e+02 0.000000000000000000e+00 1.778815958133712627e-01
1.070000000000000000e+02 0.000000000000000000e+00 2.345514427312394568e-01
1.080000000000000000e+02 0.000000000000000000e+00 1.219119978028117002e-01
1.090000000000000000e+02 0.000000000000000000e+00 1.719110341041727996e-01
1.100000000000000000e+02 0.000000000000000000e+00 1.296966284049162199e-01
1.110000000000000000e+02 0.000000000000000000e+00 5.765504572253906529e-02
1.120000000000000000e+02 0.000000000000000000e+00 2.361947530739677281e-01
1.130000000000000000e+02 0.000000000000000000e+00 4.539943181474252049e-02
1.140000000000000000e+02 0.000000000000000000e+00 1.249193855520920743e-01
1.150000000000000000e+02 0.000000000000000000e+00 7.454007909527454734e-02
1.160000000000000000e+02 0.000000000000000000e+00 6.223680969080431363e-02
1.170000000000000000e+02 0.000000000000000000e+00 2.712479419348427512e-01
1.180000000000000000e+02 0.000000000000000000e+00 2.406497376850980641e-01
1.190000000000000000e+02 0.000000000000000000e+00 1.698770840326993548e-01
1.200000000000000000e+02 0.000000000000000000e+00 1.760410578098381695e-01
1.210000000000000000e+02 0.000000000000000000e+00 2.021959857343960942e-01
1.220000000000000000e+02 0.000000000000000000e+00 3.002581885163521647e-01
1.230000000000000000e+02 0.000000000000000000e+00 2.387059560522047097e-01
1.240000000000000000e+02 0.000000000000000000e+00 1.956066085915705022e-01
1.250000000000000000e+02 0.000000000000000000e+00 1.055596572946795458e-01
1.260000000000000000e+02 0.000000000000000000e+00 7.765760779843226824e-02
1.270000000000000000e+02 0.000000000000000000e+00 1.170544083362210497e-01
1.280000000000000000e+02 0.000000000000000000e+00 2.733324495986577674e-01
1.290000000000000000e+02 0.000000000000000000e+00 9.109556035176281930e-02
1.300000000000000000e+02 0.000000000000000000e+00 2.364507026069381790e-02
1.310000000000000000e+02 0.000000000000000000e+00 8.821240001261085317e-02
1.320000000000000000e+02 0.000000000000000000e+00 2.610118008204959095e-01
1.330000000000000000e+02 0.000000000000000000e+00 1.013765793627595391e-02
1.340000000000000000e+02 0.000000000000000000e+00 2.141951379605953332e-01
1.350000000000000000e+02 0.000000000000000000e+00 8.049832327906206175e-02
1.360000000000000000e+02 0.000000000000000000e+00 2.298183378699178991e-01
1.370000000000000000e+02 0.000000000000000000e+00 5.140580852905603931e-02
1.380000000000000000e+02 0.000000000000000000e+00 4.825940177405835946e-02
1.390000000000000000e+02 0.000000000000000000e+00 2.134302919299038981e-01
1.400000000000000000e+02 0.000000000000000000e+00 2.891078175579076537e-01
1.410000000000000000e+02 0.000000000000000000e+00 1.439404954110142486e-02
1.420000000000000000e+02 0.000000000000000000e+00 1.743575633425200333e-01
1.430000000000000000e+02 0.000000000000000000e+00 1.160638606774874321e-01
1.440000000000000000e+02 0.000000000000000000e+00 7.724487645653145551e-02
1.450000000000000000e+02 0.000000000000000000e+00 1.574420156205283763e-02
1.460000000000000000e+02 0.000000000000000000e+00 1.202929802105503175e-02
1.470000000000000000e+02 0.000000000000000000e+00 2.554667796777669309e-01
1.480000000000000000e+02 0.000000000000000000e+00 2.290652181016724076e-01
1.490000000000000000e+02 0.000000000000000000e+00 2.835212031264721100e-01
1.500000000000000000e+02 0.000000000000000000e+00 1.200885450039821251e-01
1.510000000000000000e+02 0.000000000000000000e+00 3.029995533312287437e-01
1.520000000000000000e+02 0.000000000000000000e+00 2.867869099981545378e-01
1.530000000000000000e+02 0.000000000000000000e+00 2.612689687350645551e-01
1.540000000000000000e+02 0.000000000000000000e+00 2.727703536131895756e-01
1.550000000000000000e+02 0.000000000000000000e+00 1.272179607673828705e-01
1.560000000000000000e+02 0.000000000000000000e+00 1.679954088325593953e-01
1.570000000000000000e+02 0.000000000000000000e+00 1.227537703844052835e-01
1.580000000000000000e+02 0.000000000000000000e+00 8.816795058506356197e-02
1.590000000000000000e+02 0.000000000000000000e+00 2.225088048385388262e-01
1.600000000000000000e+02 0.000000000000000000e+00 6.625949260645175309e-02
1.610000000000000000e+02 0.000000000000000000e+00 2.678517189459727610e-01
1.620000000000000000e+02 0.000000000000000000e+00 6.345082140410804664e-03
1.630000000000000000e+02 0.000000000000000000e+00 1.551884404016991292e-01
1.640000000000000000e+02 0.000000000000000000e+00 2.313504826764884725e-01
1.650000000000000000e+02 0.000000000000000000e+00 1.037314510268401158e-01
1.660000000000000000e+02 0.000000000000000000e+00 1.413099762302297280e-01
1.670000000000000000e+02 0.000000000000000000e+00 1.648844309762702576e-01
1.680000000000000000e+02 0.000000000000000000e+00 1.268559311459326322e-01
1.690000000000000000e+02 0.000000000000000000e+00 1.800922772469049915e-01
1.700000000000000000e+02 0.000000000000000000e+00 6.453333633305817496e-02
1.710000000000000000e+02 0.000000000000000000e+00 8.485093251058899166e-02
1.720000000000000000e+02 0.000000000000000000e+00 2.540681603138237321e-01
1.730000000000000000e+02 0.000000000000000000e+00 2.775429222085685765e-01
1.740000000000000000e+02 0.000000000000000000e+00 2.865027128367647058e-01
1.750000000000000000e+02 0.000000000000000000e+00 1.794864612218381172e-01
1.760000000000000000e+02 0.000000000000000000e+00 5.944984288699020625e-02
1.770000000000000000e+02 0.000000000000000000e+00 1.759835604089467903e-02
1.780000000000000000e+02 0.000000000000000000e+00 1.101574338961434502e-01
1.790000000000000000e+02 0.000000000000000000e+00 2.778619447350650362e-01
1.800000000000000000e+02 0.000000000000000000e+00 9.966712060043765586e-02
1.810000000000000000e+02 0.000000000000000000e+00 2.587773918207868507e-01
1.820000000000000000e+02 0.000000000000000000e+00 1.030542740162104925e-01
1.830000000000000000e+02 0.000000000000000000e+00 1.263534100426290385e-01
1.840000000000000000e+02 0.000000000000000000e+00 1.572095991787508459e-02
1.850000000000000000e+02 0.000000000000000000e+00 3.000373736125045432e-01
1.860000000000000000e+02 0.000000000000000000e+00 5.144339431888848846e-02
1.870000000000000000e+02 0.000000000000000000e+00 2.616120689103751951e-01
1.880000000000000000e+02 0.000000000000000000e+00 7.555018688905992819e-02
1.890000000000000000e+02 0.000000000000000000e+00 1.232873726141391069e-02
1.900000000000000000e+02 0.000000000000000000e+00 7.936849003104924638e-02
1.910000000000000000e+02 0.000000000000000000e+00 2.853770219303796707e-01
1.920000000000000000e+02 0.000000000000000000e+00 1.061603201991452999e-01
1.930000000000000000e+02 0.000000000000000000e+00 2.424030179616847303e-01
1.940000000000000000e+02 0.000000000000000000e+00 7.760330776877290282e-02
1.950000000000000000e+02 0.000000000000000000e+00 3.341198232444195487e-03
1.960000000000000000e+02 0.000000000000000000e+00 6.530133950890329442e-02
1.970000000000000000e+02 0.000000000000000000e+00 1.816106535696983826e-01
1.980000000000000000e+02 0.000000000000000000e+00 1.952213835707743705e-01
1.990000000000000000e+02 0.000000000000000000e+00 2.752665563990595032e-01
2.000000000000000000e+02 0.000000000000000000e+00 9.359724054503767987e-02
2.010000000000000000e+02 0.000000000000000000e+00 1.906718849604087940e-01
2.020000000000000000e+02 0.000000000000000000e+00 2.058592683398345891e-01
2.030000000000000000e+02 0.000000000000000000e+00 2.040135786623630820e-01
2.040000000000000000e+02 0.000000000000000000e+00 1.201412861892737771e-01
2.050000000000000000e+02 0.000000000000000000e+00 1.738226551100743589e-01
2.060000000000000000e+02 0.000000000000000000e+00 2.784638929207469138e-01
2.070000000000000000e+02 0.000000000000000000e+00 1.344499586609251562e-01
2.080000000000000000e+02 0.000000000000000000e+00 1.233637556685747705e-01
2.090000000000000000e+02 0.000000000000000000e+00 1.944404464316022429e-01
2.100000000000000000e+02 0.000000000000000000e+00 1.893481722582906479e-01
2.110000000000000000e+02 0.000000000000000000e+00 1.374165073509036328e-01
2.120000000000000000e+02 0.000000000000000000e+00 2.595193335298397533e-02
2.130000000000000000e+02 0.000000000000000000e+00 1.590596912199805646e-01
2.140000000000000000e+02 0.000000000000000000e+00 1.514350970156463569e-02
2.150000000000000000e+02 0.000000000000000000e+00 1.140774353896926996e-01
2.160000000000000000e+02 0.000000000000000000e+00 2.886521036324410372e-01
2.170000000000000000e+02 0.000000000000000000e+00 1.837538824793584769e-01
2.180000000000000000e+02 0.000000000000000000e+00 2.617058671577660589e-01
2.190000000000000000e+02 0.000000000000000000e+00 1.281969322783776954e-01
2.200000000000000000e+02 0.000000000000000000e+00 3.500865722208720832e-02
2.210000000000000000e+02 0.000000000000000000e+00 2.376495065108086557e-01
2.220000000000000000e+02 0.000000000000000000e+00 5.099518304178477651e-02
2.230000000000000000e+02 0.000000000000000000e+00 2.286093795836392495e-01
2.240000000000000000e+02 0.000000000000000000e+00 6.925496045219570185e-02
2.250000000000000000e+02 0.000000000000000000e+00 1.278226242281813585e-01
2.260000000000000000e+02 0.000000000000000000e+00 2.014107160328603430e-01
2.270000000000000000e+02 0.000000000000000000e+00 1.145946623048435531e-01
2.280000000000000000e+02 0.000000000000000000e+00 8.122759195927725662e-02
2.290000000000000000e+02 0.000000000000000000e+00 1.322496559413444128e-01
2.300000000000000000e+02 0.000000000000000000e+00 2.625839062174688543e-01
2.310000000000000000e+02 0.000000000000000000e+00 2.118615867605010417e-01
2.320000000000000000e+02 0.000000000000000000e+00 6.569379562262302186e-02
2.330000000000000000e+02 0.000000000000000000e+00 6.925658709684041903e-02
2.340000000000000000e+02 0.000000000000000000e+00 2.110251977754209196e-01
2.350000000000000000e+02 0.000000000000000000e+00 2.924648149183498025e-02
2.360000000000000000e+02 0.000000000000000000e+00 2.539880588097663192e-02
2.370000000000000000e+02 0.000000000000000000e+00 2.541306700857598466e-01
2.380000000000000000e+02 0.000000000000000000e+00 2.581975477511301853e-01
2.390000000000000000e+02 0.000000000000000000e+00 1.756538696270858180e-01
2.400000000000000000e+02 0.000000000000000000e+00 7.587672007093078375e-02
2.410000000000000000e+02 0.000000000000000000e+00 6.858135441792757858e-02
2.420000000000000000e+02 0.000000000000000000e+00 1.184918019083595203e-01
2.430000000000000000e+02 0.000000000000000000e+00 2.562989121976307350e-01
2.440000000000000000e+02 0.000000000000000000e+00 1.682286790371343987e-01
2.450000000000000000e+02 0.000000000000000000e+00 8.217046229492720733e-02
2.460000000000000000e+02 0.000000000000000000e+00 2.488078731124012122e-01
2.470000000000000000e+02 0.000000000000000000e+00 1.621550248216582779e-01
2.480000000000000000e+02 0.000000000000000000e+00 7.967471645567116012e-02
2.490000000000000000e+02 0.000000000000000000e+00 2.113871031536754264e-02
2.500000000000000000e+02 0.000000000000000000e+00 1.642596482459037499e-01
2.510000000000000000e+02 0.000000000000000000e+00 9.916394995989720462e-02
2.520000000000000000e+02 0.000000000000000000e+00 4.464061155309121537e-02
2.530000000000000000e+02 0.000000000000000000e+00 5.706630077398992806e-02
2.540000000000000000e+02 0.000000000000000000e+00 1.980565377221706613e-01
2.550000000000000000e+02 0.000000000000000000e+00 1.383318564008083340e-02
2.560000000000000000e+02 0.000000000000000000e+00 6.228233622698813032e-02
2.570000000000000000e+02 0.000000000000000000e+00 2.575504405390340312e-01
2.580000000000000000e+02 0.000000000000000000e+00 1.118380598919057299e-02
2.590000000000000000e+02 0.000000000000000000e+00 1.092290980500461722e-01
2.600000000000000000e+02 0.000000000000000000e+00 2.438279853377285991e-02
2.610000000000000000e+02 0.000000000000000000e+00 2.289275461120831023e-01
2.620000000000000000e+02 0.000000000000000000e+00 1.754337307287846259e-01
2.630000000000000000e+02 0.000000000000000000e+00 7.967752258082820560e-02
2.640000000000000000e+02 0.000000000000000000e+00 1.426999781547671486e-01
2.650000000000000000e+02 0.000000000000000000e+00 2.400450810718406380e-01
2.660000000000000000e+02 0.000000000000000000e+00 2.578362553483506958e-02
2.670000000000000000e+02 0.000000000000000000e+00 1.655124227824765204e-01
2.680000000000000000e+02 0.000000000000000000e+00 2.838823459354040679e-01
2.690000000000000000e+02 0.000000000000000000e+00 2.130325658476887873e-01
2.700000000000000000e+02 0.000000000000000000e+00 1.414628861377689450e-01
2.710000000000000000e+02 0.000000000000000000e+00 1.187801871802463688e-01
2.720000000000000000e+02 0.000000000000000000e+00 2.816142947149206099e-01
2.730000000000000000e+02 0.000000000000000000e+00 2.038997722640145394e-01
2.740000000000000000e+02 0.000000000000000000e+00 2.666333790771330259e-01
2.750000000000000000e+02 0.000000000000000000e+00 2.416405583243024235e-01
2.760000000000000000e+02 0.000000000000000000e+00 2.111392372927428374e-01
2.770000000000000000e+02 0.000000000000000000e+00 5.378190907967328460e-02
2.780000000000000000e+02 0.000000000000000000e+00 1.422823714592361954e-01
2.790000000000000000e+02 0.000000000000000000e+00 1.946326111068077958e-02
2.800000000000000000e+02 0.000000000000000000e+00 2.138040897012829233e-01
2.810000000000000000e+02 0.000000000000000000e+00 2.996737090991398803e-02
2.820000000000000000e+02 0.000000000000000000e+00 5.657388748022559172e-02
2.830000000000000000e+02 0.000000000000000000e+00 2.106539098204299465e-01
2.840000000000000000e+02 0.000000000000000000e+00 1.863850253871943696e-01
2.850000000000000000e+02 0.000000000000000000e+00 1.218971909260729569e-01
2.860000000000000000e+02 0.000000000000000000e+00 3.177231512216523168e-02
2.870000000000000000e+02 0.000000000000000000e+00 2.972943385973824543e-02
2.880000000000000000e+02 0.000000000000000000e+00 2.580466444479665444e-01
2.890000000000000000e+02 0.000000000000000000e+00 2.522132027849690039e-01
2.900000000000000000e+02 0.000000000000000000e+00 2.459525708198955496e-01
2.910000000000000000e+02 0.000000000000000000e+00 2.059489703880267586e-01
2.920000000000000000e+02 0.000000000000000000e+00 1.652460008634706046e-01
2.930000000000000000e+02 0.000000000000000000e+00 2.507821969453799538e-01
2.940000000000000000e+02 0.000000000000000000e+00 1.038805218482257847e-01
2.950000000000000000e+02 0.000000000000000000e+00 1.184965858723386473e-01
2.960000000000000000e+02 0.000000000000000000e+00 3.011428713778533939e-01
2.970000000000000000e+02 0.000000000000000000e+00 1.570777700137432342e-01
2.980000000000000000e+02 0.000000000000000000e+00 8.753162343557645275e-02
2.990000000000000000e+02 0.000000000000000000e+00 2.300116161947091675e-01
3.000000000000000000e+02 0.000000000000000000e+00 9.119324037508749758e-02
3.010000000000000000e+02 0.000000000000000000e+00 2.900083400727653665e-02
3.020000000000000000e+02 0.000000000000000000e+00 2.224245622574648196e-01
3.030000000000000000e+02 0.000000000000000000e+00 8.684180277411661375e-02
3.040000000000000000e+02 0.000000000000000000e+00 1.767273371221919354e-01
3.050000000000000000e+02 0.000000000000000000e+00 2.183937896935356782e-01
3.060000000000000000e+02 0.000000000000000000e+00 8.487109420282508421e-02
3.070000000000000000e+02 0.000000000000000000e+00 2.352079956548255857e-02
3.080000000000000000e+02 0.000000000000000000e+00 2.668003958582981783e-01
3.090000000000000000e+02 0.000000000000000000e+00 3.583265438000234060e-02
3.100000000000000000e+02 0.000000000000000000e+00 7.927938646835580583e-02
3.110000000000000000e+02 0.000000000000000000e+00 1.517554583145381553e-01
3.120000000000000000e+02 0.000000000000000000e+00 2.353538374794325039e-01
3.130000000000000000e+02 0.000000000000000000e+00 4.970897358527430476e-02
3.140000000000000000e+02 0.000000000000000000e+00 2.034875846814410416e-01
3.150000000000000000e+02 0.000000000000000000e+00 2.675885510458908545e-01
3.160000000000000000e+02 0.000000000000000000e+00 2.243675631010541571e-01
3.170000000000000000e+02 0.000000000000000000e+00 2.348769355631529984e-02
3.180000000000000000e+02 0.000000000000000000e+00 2.971479055444623540e-01
3.190000000000000000e+02 0.000000000000000000e+00 2.482206912080856254e-01
3.200000000000000000e+02 0.000000000000000000e+00 2.481724743165184821e-01
3.210000000000000000e+02 0.000000000000000000e+00 2.311636660556926348e-01
3.220000000000000000e+02 0.000000000000000000e+00 1.041931358293193277e-01
3.230000000000000000e+02 0.000000000000000000e+00 1.239277030128596718e-01
3.240000000000000000e+02 0.000000000000000000e+00 4.616547373179877116e-03
3.250000000000000000e+02 0.000000000000000000e+00 2.490565912111080138e-01
3.260000000000000000e+02 0.000000000000000000e+00 1.008864100121479451e-01
3.270000000000000000e+02 0.000000000000000000e+00 2.710711322851355187e-01
3.280000000000000000e+02 0.000000000000000000e+00 2.896351840065398142e-01
3.290000000000000000e+02 0.000000000000000000e+00 1.803805399894465034e-01
3.300000000000000000e+02 0.000000000000000000e+00 1.976451635261241291e-01
3.310000000000000000e+02 0.000000000000000000e+00 2.296090320018686626e-01
3.320000000000000000e+02 0.000000000000000000e+00 2.989824148312735241e-01
3.330000000000000000e+02 0.000000000000000000e+00 2.087760758838074215e-01
3.340000000000000000e+02 0.000000000000000000e+00 1.644264278233493470e-01
3.350000000000000000e+02 0.000000000000000000e+00 2.491890349326233989e-02
3.360000000000000000e+02 0.000000000000000000e+00 1.649639535459096751e-01
3.370000000000000000e+02 0.000000000000000000e+00 1.862374870906841340e-01
3.380000000000000000e+02 0.000000000000000000e+00 2.905137353620625973e-01
3.390000000000000000e+02 0.000000000000000000e+00 1.814180373698667526e-01
3.400000000000000000e+02 0.000000000000000000e+00 1.162578966019481158e-01
3.410000000000000000e+02 0.000000000000000000e+00 1.731657622848418454e-01
3.420000000000000000e+02 0.000000000000000000e+00 2.197540725180682497e-01
3.430000000000000000e+02 0.000000000000000000e+00 2.705470359380278134e-01
3.440000000000000000e+02 0.000000000000000000e+00 1.834456454935266823e-01
3.450000000000000000e+02 0.000000000000000000e+00 5.704714936725928387e-02
3.460000000000000000e+02 0.000000000000000000e+00 2.310367083271102628e-01
3.470000000000000000e+02 0.000000000000000000e+00 2.105071495349401800e-01
3.480000000000000000e+02 0.000000000000000000e+00 1.277507949126561460e-01
3.490000000000000000e+02 0.000000000000000000e+00 3.810939404148992737e-02
3.500000000000000000e+02 0.000000000000000000e+00 1.734259762610751709e-01
3.510000000000000000e+02 0.000000000000000000e+00 7.446170139196962856e-02
3.520000000000000000e+02 0.000000000000000000e+00 1.981117792371843711e-01
3.530000000000000000e+02 0.000000000000000000e+00 5.250281222887474841e-02
3.540000000000000000e+02 0.000000000000000000e+00 7.614572629926492919e-02
3.550000000000000000e+02 0.000000000000000000e+00 1.152447439700303999e-01
3.560000000000000000e+02 0.000000000000000000e+00 2.413137822913697939e-01
3.570000000000000000e+02 0.000000000000000000e+00 2.914005289305428570e-01
3.580000000000000000e+02 0.000000000000000000e+00 3.338832173403441517e-02
3.590000000000000000e+02 0.000000000000000000e+00 2.328370820366136296e-01
3.600000000000000000e+02 0.000000000000000000e+00 2.093191990283966852e-01
3.610000000000000000e+02 0.000000000000000000e+00 1.653498006596360870e-01
3.620000000000000000e+02 0.000000000000000000e+00 2.559419685403127587e-01
3.630000000000000000e+02 0.000000000000000000e+00 2.761904974004956714e-01
3.640000000000000000e+02 0.000000000000000000e+00 2.121691325001870132e-01
3.650000000000000000e+02 0.000000000000000000e+00 1.296207796600168105e-01
3.660000000000000000e+02 0.000000000000000000e+00 1.733203024665125325e-01
3.670000000000000000e+02 0.000000000000000000e+00 7.953624438748285730e-02
3.680000000000000000e+02 0.000000000000000000e+00 2.500272106327255939e-01
3.690000000000000000e+02 0.000000000000000000e+00 1.732337126763734692e-01
3.700000000000000000e+02 0.000000000000000000e+00 7.526313154781585912e-02
3.710000000000000000e+02 0.000000000000000000e+00 2.800333012756818230e-01
3.720000000000000000e+02 0.000000000000000000e+00 2.913637106279716726e-01
3.730000000000000000e+02 0.000000000000000000e+00 1.829192353226479495e-01
3.740000000000000000e+02 0.000000000000000000e+00 2.873876876088493626e-01
3.750000000000000000e+02 0.000000000000000000e+00 2.067011034131673378e-02
3.760000000000000000e+02 0.000000000000000000e+00 6.608053878252770352e-02
3.770000000000000000e+02 0.000000000000000000e+00 3.265956453077847876e-02
3.780000000000000000e+02 0.000000000000000000e+00 2.102785916267839728e-01
3.790000000000000000e+02 0.000000000000000000e+00 2.378130251144498497e-01
3.800000000000000000e+02 0.000000000000000000e+00 6.494532901091971955e-02
3.810000000000000000e+02 0.000000000000000000e+00 1.955632409888217460e-01
3.820000000000000000e+02 0.000000000000000000e+00 1.727748309075315125e-01
3.830000000000000000e+02 0.000000000000000000e+00 1.325049939566759483e-01
3.840000000000000000e+02 0.000000000000000000e+00 5.722436436770408918e-02
3.850000000000000000e+02 0.000000000000000000e+00 2.988045376132413833e-01
3.860000000000000000e+02 0.000000000000000000e+00 9.147475814847007280e-02
3.870000000000000000e+02 0.000000000000000000e+00 1.704805968304914932e-01
3.880000000000000000e+02 0.000000000000000000e+00 5.973384215207867137e-02
3.890000000000000000e+02 0.000000000000000000e+00 2.580190315841505155e-01
3.900000000000000000e+02 0.000000000000000000e+00 4.987229185835993089e-02
3.910000000000000000e+02 0.000000000000000000e+00 2.635308316608469537e-01
3.920000000000000000e+02 0.000000000000000000e+00 2.776000405771996138e-01
3.930000000000000000e+02 0.000000000000000000e+00 8.709635397347083308e-02
3.940000000000000000e+02 0.000000000000000000e+00 6.843895682938866409e-02
3.950000000000000000e+02 0.000000000000000000e+00 1.065901132637691977e-02
3.960000000000000000e+02 0.000000000000000000e+00 2.799394228079620794e-01
3.970000000000000000e+02 0.000000000000000000e+00 3.346723036714535724e-03
3.980000000000000000e+02 0.000000000000000000e+00 2.599403946910153196e-01
3.990000000000000000e+02 0.000000000000000000e+00 1.001380070272918921e-01
4.000000000000000000e+02 0.000000000000000000e+00 1.717381202187643896e-01
4.010000000000000000e+02 0.000000000000000000e+00 7.845650361277767271e-02
4.020000000000000000e+02 0.000000000000000000e+00 2.126919419605353967e-01
4.030000000000000000e+02 0.000000000000000000e+00 1.928127927601349170e-02
4.040000000000000000e+02 0.000000000000000000e+00 6.231368504709639683e-02
4.050000000000000000e+02 0.000000000000000000e+00 1.473631764976942038e-01
4.060000000000000000e+02 0.000000000000000000e+00 1.561023570761511381e-01
4.070000000000000000e+02 0.000000000000000000e+00 1.936764627989881471e-01
4.080000000000000000e+02 0.000000000000000000e+00 2.208738152085509276e-01
4.090000000000000000e+02 0.000000000000000000e+00 3.191798957862160280e-02
4.100000000000000000e+02 0.000000000000000000e+00 9.076035351505079563e-02
4.110000000000000000e+02 0.000000000000000000e+00 6.000144901289075627e-02
4.120000000000000000e+02 0.000000000000000000e+00 2.306414971086018229e-01
4.130000000000000000e+02 0.000000000000000000e+00 1.638215561578132140e-01
4.140000000000000000e+02 0.000000000000000000e+00 2.316051720757948407e-01
4.150000000000000000e+02 0.000000000000000000e+00 2.947406742132024360e-01
4.160000000000000000e+02 0.000000000000000000e+00 1.271765639128088765e-01
4.170000000000000000e+02 0.000000000000000000e+00 1.319263776023190393e-01
4.180000000000000000e+02 0.000000000000000000e+00 2.910590241950647972e-01
4.190000000000000000e+02 0.000000000000000000e+00 2.597815195447505388e-01
4.200000000000000000e+02 0.000000000000000000e+00 1.016454976401523075e-01
4.210000000000000000e+02 0.000000000000000000e+00 2.180895389148798658e-01
4.220000000000000000e+02 0.000000000000000000e+00 9.917867162427054795e-02
4.230000000000000000e+02 0.000000000000000000e+00 1.067293335131765664e-01
4.240000000000000000e+02 0.000000000000000000e+00 1.954849723396989425e-01
4.250000000000000000e+02 0.000000000000000000e+00 7.088113618801152038e-02
4.260000000000000000e+02 0.000000000000000000e+00 8.969287277180915119e-02
4.270000000000000000e+02 0.000000000000000000e+00 1.192574153776708584e-01
4.280000000000000000e+02 0.000000000000000000e+00 1.146997447339170861e-01
4.290000000000000000e+02 0.000000000000000000e+00 2.224832730325347341e-01
4.300000000000000000e+02 0.000000000000000000e+00 2.794634766825424554e-01
4.310000000000000000e+02 0.000000000000000000e+00 2.036594138319401323e-02
4.320000000000000000e+02 0.000000000000000000e+00 8.013689234659675253e-02
4.330000000000000000e+02 0.000000000000000000e+00 2.723609332511007231e-01
4.340000000000000000e+02 0.000000000000000000e+00 1.779611109197553609e-01
4.350000000000000000e+02 0.000000000000000000e+00 2.938489704641873423e-01
4.360000000000000000e+02 0.000000000000000000e+00 4.408948992761241303e-02
4.370000000000000000e+02 0.000000000000000000e+00 2.247113207825721937e-01
4.380000000000000000e+02 0.000000000000000000e+00 8.682647848511239330e-02
4.390000000000000000e+02 0.000000000000000000e+00 9.700058165281841283e-02
4.400000000000000000e+02 0.000000000000000000e+00 6.167606607937933805e-02
4.410000000000000000e+02 0.000000000000000000e+00 5.134148753062241916e-02
4.420000000000000000e+02 0.000000000000000000e+00 1.000004982696038880e-01
4.430000000000000000e+02 0.000000000000000000e+00 1.926252995130207368e-01
4.440000000000000000e+02 0.000000000000000000e+00 1.730702584570837088e-01
4.450000000000000000e+02 0.000000000000000000e+00 1.642696535050105766e-01
4.460000000000000000e+02 0.000000000000000000e+00 1.914021319674618360e-01
4.470000000000000000e+02 0.000000000000000000e+00 1.443756536161772408e-01
4.480000000000000000e+02 0.000000000000000000e+00 2.985956979902734121e-01
4.490000000000000000e+02 0.000000000000000000e+00 9.422928483660495888e-03
4.500000000000000000e+02 0.000000000000000000e+00 3.609429196151878096e-03
4.510000000000000000e+02 0.000000000000000000e+00 6.446170824907898611e-02
4.520000000000000000e+02 0.000000000000000000e+00 2.589412802726805476e-02
4.530000000000000000e+02 0.000000000000000000e+00 8.294906578019840826e-02
4.540000000000000000e+02 0.000000000000000000e+00 6.093328638694692212e-02
4.550000000000000000e+02 0.000000000000000000e+00 1.676269904618182816e-01
4.560000000000000000e+02 0.000000000000000000e+00 1.615751581146704641e-01
4.570000000000000000e+02 0.000000000000000000e+00 2.978500483943339883e-01
4.580000000000000000e+02 0.000000000000000000e+00 1.421697913018621917e-01
4.590000000000000000e+02 0.000000000000000000e+00 2.849574312753224148e-01
4.600000000000000000e+02 0.000000000000000000e+00 1.426414595874077838e-02
4.610000000000000000e+02 0.000000000000000000e+00 1.699731426084322983e-01
4.620000000000000000e+02 0.000000000000000000e+00 1.674868981278669622e-01
4.630000000000000000e+02 0.000000000000000000e+00 1.107249941819969524e-01
4.640000000000000000e+02 0.000000000000000000e+00 8.814609135612731794e-02
4.650000000000000000e+02 0.000000000000000000e+00 1.640748939063516876e-01
4.660000000000000000e+02 0.000000000000000000e+00 8.742746641459402113e-02
4.670000000000000000e+02 0.000000000000000000e+00 1.256487679805328439e-01
4.680000000000000000e+02 0.000000000000000000e+00 3.861785225024989138e-02
4.690000000000000000e+02 0.000000000000000000e+00 1.701063087409416252e-01
4.700000000000000000e+02 0.000000000000000000e+00 2.368831221050649305e-01
4.710000000000000000e+02 0.000000000000000000e+00 2.731302480333731575e-01
4.720000000000000000e+02 0.000000000000000000e+00 1.527243212872030353e-01
4.730000000000000000e+02 0.000000000000000000e+00 1.298834172176420998e-01
4.740000000000000000e+02 0.000000000000000000e+00 1.563369598855147424e-01
4.750000000000000000e+02 0.000000000000000000e+00 1.575740985452176238e-02
4.760000000000000000e+02 0.000000000000000000e+00 5.814825607739319835e-02
4.770000000000000000e+02 0.000000000000000000e+00 8.097406714591588728e-02
4.780000000000000000e+02 0.000000000000000000e+00 1.559117100757934082e-01
4.790000000000000000e+02 0.000000000000000000e+00 1.061634580446548237e-01
4.800000000000000000e+02 0.000000000000000000e+00 1.651371447534155379e-01
4.810000000000000000e+02 0.000000000000000000e+00 4.785570041556806709e-02
4.820000000000000000e+02 0.000000000000000000e+00 1.414263084135983783e-01
4.830000000000000000e+02 0.000000000000000000e+00 2.282933079672261889e-01
4.840000000000000000e+02 0.000000000000000000e+00 2.533684415425033198e-01
4.850000000000000000e+02 0.000000000000000000e+00 2.360296703940869545e-01
4.860000000000000000e+02 0.000000000000000000e+00 2.402771443062100276e-01
4.870000000000000000e+02 0.000000000000000000e+00 1.341029984884736237e-01
4.880000000000000000e+02 0.000000000000000000e+00 8.157663206565073100e-02
4.890000000000000000e+02 0.000000000000000000e+00 1.228471467073993934e-01
4.900000000000000000e+02 0.000000000000000000e+00 1.977878864157559813e-01
4.910000000000000000e+02 0.000000000000000000e+00 1.405212174708933906e-02
4.920000000000000000e+02 0.000000000000000000e+00 1.935059535737652103e-01
4.930000000000000000e+02 0.000000000000000000e+00 2.793684863383562589e-01
4.940000000000000000e+02 0.000000000000000000e+00 2.354382075488598014e-01
4.950000000000000000e+02 0.000000000000000000e+00 1.715150681006432851e-02
4.960000000000000000e+02 0.000000000000000000e+00 6.522921789930197223e-02
4.970000000000000000e+02 0.000000000000000000e+00 2.491363038545054698e-01
4.980000000000000000e+02 0.000000000000000000e+00 1.924237365780722686e-01
4.990000000000000000e+02 0.000000000000000000e+00 6.918130431472815922e-02
5.000000000000000000e+02 0.000000000000000000e+00 2.401064953823378589e-01
5.010000000000000000e+02 0.000000000000000000e+00 1.553085472284367607e-01
5.020000000000000000e+02 0.000000000000000000e+00 2.603560564398299179e-02
5.030000000000000000e+02 0.000000000000000000e+00 2.483977946671181436e-01
5.040000000000000000e+02 0.000000000000000000e+00 1.216932680514785092e-01
5.050000000000000000e+02 0.000000000000000000e+00 2.054667526745201644e-01
5.060000000000000000e+02 0.000000000000000000e+00 2.735170114609197234e-01
5.070000000000000000e+02 0.000000000000000000e+00 1.536956595197298270e-01
5.080000000000000000e+02 0.000000000000000000e+00 4.836179066680421947e-03
5.090000000000000000e+02 0.000000000000000000e+00 7.476500853920460543e-02
5.100000000000000000e+02 0.000000000000000000e+00 1.456519548400356245e-01
5.110000000000000000e+02 0.000000000000000000e+00 2.736766422290022316e-01
5.120000000000000000e+02 0.000000000000000000e+00 2.708822158464412877e-01
5.130000000000000000e+02 0.000000000000000000e+00 1.054326849619931505e-01
5.140000000000000000e+02 0.000000000000000000e+00 1.295973033891235915e-01
5.150000000000000000e+02 0.000000000000000000e+00 6.244398987169208493e-02
5.160000000000000000e+02 0.000000000000000000e+00 3.860820908729840212e-02
5.170000000000000000e+02 0.000000000000000000e+00 3.177478912825242724e-02
5.180000000000000000e+02 0.000000000000000000e+00 3.532757621854439034e-02
5.190000000000000000e+02 0.000000000000000000e+00 2.293868863871397282e-02
5.200000000000000000e+02 0.000000000000000000e+00 1.632810811089964453e-01
5.210000000000000000e+02 0.000000000000000000e+00 7.655515881804567102e-02
5.220000000000000000e+02 0.000000000000000000e+00 6.482848848500101513e-02
5.230000000000000000e+02 0.000000000000000000e+00 1.158509885666695188e-01
5.240000000000000000e+02 0.000000000000000000e+00 2.107308035902397403e-01
5.250000000000000000e+02 0.000000000000000000e+00 1.665222217670756233e-01
5.260000000000000000e+02 0.000000000000000000e+00 2.310501041010222245e-01
5.270000000000000000e+02 0.000000000000000000e+00 2.177076725224542930e-01
5.280000000000000000e+02 0.000000000000000000e+00 1.842588571858569946e-01
5.290000000000000000e+02 0.000000000000000000e+00 2.011233953205696090e-02
5.300000000000000000e+02 0.000000000000000000e+00 1.295995217559336825e-02
5.310000000000000000e+02 0.000000000000000000e+00 1.367242614569557646e-01
5.320000000000000000e+02 0.000000000000000000e+00 1.879866654061548570e-01
5.330000000000000000e+02 0.000000000000000000e+00 8.269504093374814568e-02
5.340000000000000000e+02 0.000000000000000000e+00 2.726004700002502279e-01
5.350000000000000000e+02 0.000000000000000000e+00 4.461085062749279434e-02
5.360000000000000000e+02 0.000000000000000000e+00 2.162638161728902275e-01
5.370000000000000000e+02 0.000000000000000000e+00 2.278847299757609246e-01
5.380000000000000000e+02 0.000000000000000000e+00 1.675789115332188273e-01
5.390000000000000000e+02 0.000000000000000000e+00 2.121679543715528360e-01
5.400000000000000000e+02 0.000000000000000000e+00 6.190021376374952450e-03
5.410000000000000000e+02 0.000000000000000000e+00 1.458707475827001332e-01
5.420000000000000000e+02 0.000000000000000000e+00 1.531923493976161676e-01
5.430000000000000000e+02 0.000000000000000000e+00 1.917041092254914980e-01
5.440000000000000000e+02 0.000000000000000000e+00 4.617927005185877565e-02
5.450000000000000000e+02 0.000000000000000000e+00 2.215727308861531741e-01
5.460000000000000000e+02 0.000000000000000000e+00 2.975484357997791873e-01
5.470000000000000000e+02 0.000000000000000000e+00 9.395114451533943811e-02
5.480000000000000000e+02 0.000000000000000000e+00 1.729908626607777333e-01
5.490000000000000000e+02 0.000000000000000000e+00 2.689810276193347893e-01
5.500000000000000000e+02 0.000000000000000000e+00 8.227874614833326217e-02
5.510000000000000000e+02 0.000000000000000000e+00 3.012270043468872616e-01
5.520000000000000000e+02 0.000000000000000000e+00 2.318475045262682332e-01
5.530000000000000000e+02 0.000000000000000000e+00 9.833431124017118219e-02
5.540000000000000000e+02 0.000000000000000000e+00 2.714946730408514530e-01
5.550000000000000000e+02 0.000000000000000000e+00 2.379809550987196931e-02
5.560000000000000000e+02 0.000000000000000000e+00 2.792166353392211975e-01
5.570000000000000000e+02 0.000000000000000000e+00 1.794249952384021629e-01
5.580000000000000000e+02 0.000000000000000000e+00 1.502155179030066900e-01
5.590000000000000000e+02 0.000000000000000000e+00 7.223025677181024728e-02
5.600000000000000000e+02 0.000000000000000000e+00 2.606590997823002298e-02
5.610000000000000000e+02 0.000000000000000000e+00 1.758218546390973580e-01
5.620000000000000000e+02 0.000000000000000000e+00 1.529175073645583638e-01
5.630000000000000000e+02 0.000000000000000000e+00 1.662149112399138595e-01
5.640000000000000000e+02 0.000000000000000000e+00 4.032167981238052312e-03
5.650000000000000000e+02 0.000000000000000000e+00 8.924095639035070637e-02
5.660000000000000000e+02 0.000000000000000000e+00 1.899746821345912606e-01
5.670000000000000000e+02 0.000000000000000000e+00 8.243780633237475508e-02
5.680000000000000000e+02 0.000000000000000000e+00 8.229022559376812651e-02
5.690000000000000000e+02 0.000000000000000000e+00 3.013635909684629355e-01
5.700000000000000000e+02 0.000000000000000000e+00 4.538723727821535048e-02
5.710000000000000000e+02 0.000000000000000000e+00 1.896229651414487460e-01
5.720000000000000000e+02 0.000000000000000000e+00 9.224427826877241998e-02
5.730000000000000000e+02 0.000000000000000000e+00 2.249266617920057110e-01
5.740000000000000000e+02 0.000000000000000000e+00 1.500502644688561649e-01
5.750000000000000000e+02 0.000000000000000000e+00 1.985685266318819031e-01
5.760000000000000000e+02 0.000000000000000000e+00 4.417793576452514609e-02
5.770000000000000000e+02 0.000000000000000000e+00 8.227488810463991220e-02
5.780000000000000000e+02 0.000000000000000000e+00 2.528683850833972624e-01
5.790000000000000000e+02 0.000000000000000000e+00 2.693336314320258773e-01
5.800000000000000000e+02 0.000000000000000000e+00 1.028414073019070368e-01
5.810000000000000000e+02 0.000000000000000000e+00 1.504663080316191170e-01
5.820000000000000000e+02 0.000000000000000000e+00 2.354026852899152311e-01
5.830000000000000000e+02 0.000000000000000000e+00 1.365407196129699297e-01
5.840000000000000000e+02 0.000000000000000000e+00 2.261515248288889224e-01
5.850000000000000000e+02 0.000000000000000000e+00 1.065063289604091384e-01
5.860000000000000000e+02 0.000000000000000000e+00 3.003501231228404289e-01
5.870000000000000000e+02 0.000000000000000000e+00 2.584928064746772614e-01
5.880000000000000000e+02 0.000000000000000000e+00 1.007629421611569778e-02
5.890000000000000000e+02 0.000000000000000000e+00 1.202094871968199530e-01
5.900000000000000000e+02 0.000000000000000000e+00 1.149696130478227857e-01
5.910000000000000000e+02 0.000000000000000000e+00 5.335117066831224220e-02
5.920000000000000000e+02 0.000000000000000000e+00 4.466982976266951205e-02
5.930000000000000000e+02 0.000000000000000000e+00 2.254764714693107686e-01
5.940000000000000000e+02 0.000000000000000000e+00 1.739057328401550501e-02
5.950000000000000000e+02 0.000000000000000000e+00 8.143849691035073834e-02
5.960000000000000000e+02 0.000000000000000000e+00 3.053883626364015114e-02
5.970000000000000000e+02 0.000000000000000000e+00 1.098389143202237184e-02
5.980000000000000000e+02 0.000000000000000000e+00 1.721434111849664550e-01
5.990000000000000000e+02 0.000000000000000000e+00 1.576058894385836406e-01
6.000000000000000000e+02 0.000000000000000000e+00 1.163125830055321691e-01
6.010000000000000000e+02 0.000000000000000000e+00 2.365144719181233313e-01
6.020000000000000000e+02 0.000000000000000000e+00 5.159978875747337629e-02
6.030000000000000000e+02 0.000000000000000000e+00 1.626140404004184636e-01
6.040000000000000000e+02 0.000000000000000000e+00 2.981850935473479014e-01
6.050000000000000000e+02 0.000000000000000000e+00 1.105968631788215722e-01
6.060000000000000000e+02 0.000000000000000000e+00 1.023388142297596837e-01
6.070000000000000000e+02 0.000000000000000000e+00 7.684284478672698260e-02
6.080000000000000000e+02 0.000000000000000000e+00 1.461746710463007401e-02
6.090000000000000000e+02 0.000000000000000000e+00 4.632448007426982067e-02
6.100000000000000000e+02 0.000000000000000000e+00 1.186708105526372847e-01
6.110000000000000000e+02 0.000000000000000000e+00 4.228999118782159235e-03
6.120000000000000000e+02 0.000000000000000000e+00 1.095266945107743195e-01
6.130000000000000000e+02 0.000000000000000000e+00 2.286615480821532487e-01
6.140000000000000000e+02 0.000000000000000000e+00 4.324565454294550942e-02
6.150000000000000000e+02 0.000000000000000000e+00 5.638943521165488970e-02
6.160000000000000000e+02 0.000000000000000000e+00 1.179187363198505450e-01
6.170000000000000000e+02 0.000000000000000000e+00 3.736556292042691324e-02
6.180000000000000000e+02 0.000000000000000000e+00 8.241205045952179273e-03
6.190000000000000000e+02 0.000000000000000000e+00 1.051983286216520846e-01
6.200000000000000000e+02 0.000000000000000000e+00 2.713498952203710068e-01
6.210000000000000000e+02 0.000000000000000000e+00 7.474963536829019872e-02
6.220000000000000000e+02 0.000000000000000000e+00 2.669686934853442994e-01
6.230000000000000000e+02 0.000000000000000000e+00 2.381892687097865446e-01
6.240000000000000000e+02 0.000000000000000000e+00 4.219899346368988224e-02
6.250000000000000000e+02 0.000000000000000000e+00 1.526348560891565009e-01
6.260000000000000000e+02 0.000000000000000000e+00 6.450107320159912533e-03
6.270000000000000000e+02 0.000000000000000000e+00 2.194696108917938149e-01
6.280000000000000000e+02 0.000000000000000000e+00 2.676677334298715460e-01
6.290000000000000000e+02 0.000000000000000000e+00 1.059978245283970527e-01
6.300000000000000000e+02 0.000000000000000000e+00 1.409461226530148437e-01
6.310000000000000000e+02 0.000000000000000000e+00 4.688897311513599148e-02
6.320000000000000000e+02 0.000000000000000000e+00 3.656806943188535552e-02
6.330000000000000000e+02 0.000000000000000000e+00 1.546773285026750988e-01
6.340000000000000000e+02 0.000000000000000000e+00 2.120146565486361878e-01
6.350000000000000000e+02 0.000000000000000000e+00 3.019250626076004917e-01
6.360000000000000000e+02 0.000000000000000000e+00 2.322996396670061470e-01
6.370000000000000000e+02 0.000000000000000000e+00 8.822078969737519316e-02
6.380000000000000000e+02 0.000000000000000000e+00 1.479773396739959557e-01
6.390000000000000000e+02 0.000000000000000000e+00 2.595988164033434797e-01
6.400000000000000000e+02 0.000000000000000000e+00 2.523979489380683838e-01
6.410000000000000000e+02 0.000000000000000000e+00 2.266366163638637299e-01
6.420000000000000000e+02 0.000000000000000000e+00 4.299909390068121923e-02
6.430000000000000000e+02 0.000000000000000000e+00 1.873424656012289413e-01
6.440000000000000000e+02 0.000000000000000000e+00 1.844456741135151456e-01
6.450000000000000000e+02 0.000000000000000000e+00 2.844467970318590444e-01
6.460000000000000000e+02 0.000000000000000000e+00 1.784803026659597877e-02
6.470000000000000000e+02 0.000000000000000000e+00 9.541067937734100390e-02
6.480000000000000000e+02 0.000000000000000000e+00 1.712992512105655785e-01
6.490000000000000000e+02 0.000000000000000000e+00 2.512050687791842971e-02
6.500000000000000000e+02 0.000000000000000000e+00 2.966052746844734522e-01
6.510000000000000000e+02 0.000000000000000000e+00 1.119587327216162859e-01
6.520000000000000000e+02 0.000000000000000000e+00 4.014689064029972748e-02
6.530000000000000000e+02 0.000000000000000000e+00 2.544779872639553187e-01
6.540000000000000000e+02 0.000000000000000000e+00 2.931466724733444718e-01
6.550000000000000000e+02 0.000000000000000000e+00 1.190941309972850803e-01
6.560000000000000000e+02 0.000000000000000000e+00 1.511530563034007013e-01
6.570000000000000000e+02 0.000000000000000000e+00 1.079498065018933556e-01
6.580000000000000000e+02 0.000000000000000000e+00 4.490764603242889189e-03
6.590000000000000000e+02 0.000000000000000000e+00 2.096122077673900075e-01
6.600000000000000000e+02 0.000000000000000000e+00 5.332140366317598273e-02
6.610000000000000000e+02 0.000000000000000000e+00 2.803622534368532260e-01
6.620000000000000000e+02 0.000000000000000000e+00 2.236721474353972339e-01
6.630000000000000000e+02 0.000000000000000000e+00 2.867944549261099985e-01
6.640000000000000000e+02 0.000000000000000000e+00 1.922062989748362094e-01
6.650000000000000000e+02 0.000000000000000000e+00 2.754787344126759518e-01
6.660000000000000000e+02 0.000000000000000000e+00 2.319573021698272952e-01
6.670000000000000000e+02 0.000000000000000000e+00 4.622234886707987656e-02
6.680000000000000000e+02 0.000000000000000000e+00 2.949892681234889680e-01
6.690000000000000000e+02 0.000000000000000000e+00 1.254041800327559408e-01
6.700000000000000000e+02 0.000000000000000000e+00 2.964677873979078560e-01
6.710000000000000000e+02 0.000000000000000000e+00 2.392411349953182387e-01
6.720000000000000000e+02 0.000000000000000000e+00 1.728579382484818350e-01
6.730000000000000000e+02 0.000000000000000000e+00 2.256799498067882381e-01
6.740000000000000000e+02 0.000000000000000000e+00 1.968314710783393706e-01
6.750000000000000000e+02 0.000000000000000000e+00 2.893932837198130437e-01
6.760000000000000000e+02 0.000000000000000000e+00 1.297617815173032485e-01
6.770000000000000000e+02 0.000000000000000000e+00 2.008005629193186647e-01
6.780000000000000000e+02 0.000000000000000000e+00 7.723600052149866280e-02
6.790000000000000000e+02 0.000000000000000000e+00 1.068126021193823855e-01
6.800000000000000000e+02 0.000000000000000000e+00 5.878190756328151995e-02
6.810000000000000000e+02 0.000000000000000000e+00 6.279923014047751606e-02
6.820000000000000000e+02 0.000000000000000000e+00 2.518094900155645743e-01
6.830000000000000000e+02 0.000000000000000000e+00 2.071474768860632198e-01
6.840000000000000000e+02 0.000000000000000000e+00 6.663555992811059925e-02
6.850000000000000000e+02 0.000000000000000000e+00 1.545692760215356676e-01
6.860000000000000000e+02 0.000000000000000000e+00 4.407201230506741646e-02
6.870000000000000000e+02 0.000000000000000000e+00 3.376411212661006161e-02
6.880000000000000000e+02 0.000000000000000000e+00 1.677051983059466012e-01
6.890000000000000000e+02 0.000000000000000000e+00 1.358333593183190802e-01
6.900000000000000000e+02 0.000000000000000000e+00 2.232692293673581851e-01
6.910000000000000000e+02 0.000000000000000000e+00 2.025296681933417275e-01
6.920000000000000000e+02 0.000000000000000000e+00 6.616900439203353412e-02
6.930000000000000000e+02 0.000000000000000000e+00 5.106874663621387839e-02
6.940000000000000000e+02 0.000000000000000000e+00 1.702484612057204583e-01
6.950000000000000000e+02 0.000000000000000000e+00 1.642132063353699822e-01
6.960000000000000000e+02 0.000000000000000000e+00 5.545270228481896657e-02
6.970000000000000000e+02 0.000000000000000000e+00 2.576704948507447801e-01
6.980000000000000000e+02 0.000000000000000000e+00 2.174032023920146606e-01
6.990000000000000000e+02 0.000000000000000000e+00 3.598013071122134476e-02
7.000000000000000000e+02 0.000000000000000000e+00 1.478165978289965043e-01
7.010000000000000000e+02 0.000000000000000000e+00 2.361218683046440586e-02
7.020000000000000000e+02 0.000000000000000000e+00 1.336358586435132112e-01
7.030000000000000000e+02 0.000000000000000000e+00 2.632858463051370168e-01
7.040000000000000000e+02 0.000000000000000000e+00 1.729741114465702945e-01
7.050000000000000000e+02 0.000000000000000000e+00 1.379891786074448345e-01
7.060000000000000000e+02 0.000000000000000000e+00 1.065075162984734786e-01
7.070000000000000000e+02 0.000000000000000000e+00 8.977240247249235194e-02
7.080000000000000000e+02 0.000000000000000000e+00 2.213523961026694631e-01
7.090000000000000000e+02 0.000000000000000000e+00 1.947180819371001903e-01
7.100000000000000000e+02 0.000000000000000000e+00 1.140945715651252718e-01
7.110000000000000000e+02 0.000000000000000000e+00 1.428566404529667266e-02
7.120000000000000000e+02 0.000000000000000000e+00 1.961809355365003726e-01
7.130000000000000000e+02 0.000000000000000000e+00 2.577490606534619741e-02
7.140000000000000000e+02 0.000000000000000000e+00 2.136450533185060841e-01
7.150000000000000000e+02 0.000000000000000000e+00 1.464277776645150908e-01
7.160000000000000000e+02 0.000000000000000000e+00 9.231829965267131233e-02
7.170000000000000000e+02 0.000000000000000000e+00 2.213217602445707310e-01
7.180000000000000000e+02 0.000000000000000000e+00 1.211633102725959699e-01
7.190000000000000000e+02 0.000000000000000000e+00 1.145933202183328781e-02
7.200000000000000000e+02 0.000000000000000000e+00 1.609329726047475650e-01
7.210000000000000000e+02 0.000000000000000000e+00 2.128001444471913084e-01
7.220000000000000000e+02 0.000000000000000000e+00 2.681384346796825691e-01
7.230000000000000000e+02 0.000000000000000000e+00 2.814608397384311123e-01
7.240000000000000000e+02 0.000000000000000000e+00 2.156653412247669377e-01
7.250000000000000000e+02 0.000000000000000000e+00 1.118382709917588591e-01
7.260000000000000000e+02 0.000000000000000000e+00 3.007778363252521792e-01
7.270000000000000000e+02 0.000000000000000000e+00 1.912449623755511641e-01
7.280000000000000000e+02 0.000000000000000000e+00 1.065708512958729176e-01
7.290000000000000000e+02 0.000000000000000000e+00 7.558387945340781788e-02
7.300000000000000000e+02 0.000000000000000000e+00 1.042816644427749795e-01
7.310000000000000000e+02 0.000000000000000000e+00 1.162110579229266444e-01
7.320000000000000000e+02 0.000000000000000000e+00 2.410730948689006337e-01
7.330000000000000000e+02 0.000000000000000000e+00 7.904609198946041873e-03
7.340000000000000000e+02 0.000000000000000000e+00 2.736183294662869123e-02
7.350000000000000000e+02 0.000000000000000000e+00 2.402127577540371095e-01
7.360000000000000000e+02 0.000000000000000000e+00 1.577890882770724423e-01
7.370000000000000000e+02 0.000000000000000000e+00 1.913918956195411261e-02
7.380000000000000000e+02 0.000000000000000000e+00 2.556942713013272139e-01
7.390000000000000000e+02 0.000000000000000000e+00 2.953752972308299474e-01
7.400000000000000000e+02 0.000000000000000000e+00 2.437256042135254042e-01
7.410000000000000000e+02 0.000000000000000000e+00 1.936935564585463843e-01
7.420000000000000000e+02 0.000000000000000000e+00 2.579422032471856419e-01
7.430000000000000000e+02 0.000000000000000000e+00 5.680855129866580616e-02
7.440000000000000000e+02 0.000000000000000000e+00 3.871223485363761707e-02
7.450000000000000000e+02 0.000000000000000000e+00 2.177157703023634983e-01
7.460000000000000000e+02 0.000000000000000000e+00 2.913635777109923469e-02
7.470000000000000000e+02 0.000000000000000000e+00 2.782149021263272126e-01
7.480000000000000000e+02 0.000000000000000000e+00 7.822340610980740849e-02
7.490000000000000000e+02 0.000000000000000000e+00 1.711872208917790406e-01
7.500000000000000000e+02 0.000000000000000000e+00 1.274089395323373120e-01
7.510000000000000000e+02 0.000000000000000000e+00 2.671943760796876011e-01
7.520000000000000000e+02 0.000000000000000000e+00 1.632885100594802796e-01
7.530000000000000000e+02 0.000000000000000000e+00 2.708694536199237612e-01
7.540000000000000000e+02 0.000000000000000000e+00 2.838410615180655960e-01
7.550000000000000000e+02 0.000000000000000000e+00 5.735753846136521644e-02
7.560000000000000000e+02 0.000000000000000000e+00 5.955522597790450373e-03
7.570000000000000000e+02 0.000000000000000000e+00 1.256556128752060741e-01
7.580000000000000000e+02 0.000000000000000000e+00 4.225760152397934483e-02
7.590000000000000000e+02 0.000000000000000000e+00 2.467758643169712385e-01
7.600000000000000000e+02 0.000000000000000000e+00 2.135770780909633237e-01
7.610000000000000000e+02 0.000000000000000000e+00 1.970931059172478794e-02
7.620000000000000000e+02 0.000000000000000000e+00 3.000838727065517353e-01
7.630000000000000000e+02 0.000000000000000000e+00 2.910350717412724109e-01
7.640000000000000000e+02 0.000000000000000000e+00 4.093898580374061291e-02
7.650000000000000000e+02 0.000000000000000000e+00 6.590857900517202439e-02
7.660000000000000000e+02 0.000000000000000000e+00 2.446965350110980042e-01
7.670000000000000000e+02 0.000000000000000000e+00 2.589948151268346987e-01
7.680000000000000000e+02 0.000000000000000000e+00 1.215814678905522001e-01
7.690000000000000000e+02 0.000000000000000000e+00 1.555616454319043163e-01
7.700000000000000000e+02 0.000000000000000000e+00 2.268159072797802378e-01
7.710000000000000000e+02 0.000000000000000000e+00 1.755111788015113194e-01
7.720000000000000000e+02 0.000000000000000000e+00 6.164697974606085651e-02
7.730000000000000000e+02 0.000000000000000000e+00 1.012852049635252910e-01
7.740000000000000000e+02 0.000000000000000000e+00 1.365478213187655554e-01
7.750000000000000000e+02 0.000000000000000000e+00 7.760960578000486443e-02
7.760000000000000000e+02 0.000000000000000000e+00 1.154219629700148769e-01
7.770000000000000000e+02 0.000000000000000000e+00 1.128743159877740598e-01
7.780000000000000000e+02 0.000000000000000000e+00 2.006395656801377991e-01
7.790000000000000000e+02 0.000000000000000000e+00 2.207799176044187295e-01
7.800000000000000000e+02 0.000000000000000000e+00 2.319693799452794414e-01
7.810000000000000000e+02 0.000000000000000000e+00 3.007160450639169771e-02
7.820000000000000000e+02 0.000000000000000000e+00 1.946569585454476503e-01
7.830000000000000000e+02 0.000000000000000000e+00 1.103167234292495684e-02
